1
10 1
0 1 2 7 8 
1 3 6 8 
2 3 4 6 7 8 9 
3 7 
4 7 8 
5 6 8 9 
6 7 9 
7 8 
8 9 
9 

2
10 1
0 1 3 5 7 8 9 
1 6 7 
2 4 7 8 9 
3 4 5 6 8 
4 7 8 9 
5 6 7 8 
6 
7 8 
8 
9 

3
10 1
0 1 2 3 4 9 
1 3 4 7 8 9 
2 3 6 8 
3 6 7 8 9 
4 7 8 
5 8 
6 9 
7 
8 
9 

4
10 1
0 3 4 7 8 9 
1 2 3 4 9 
2 3 4 5 6 7 
3 4 5 6 7 
4 5 6 7 9 
5 8 
6 7 
7 
8 
9 

5
10 1
0 2 8 9 
1 3 5 6 9 
2 3 4 5 8 9 
3 4 6 7 8 9 
4 6 9 
5 7 8 
6 
7 
8 
9 

6
10 1
0 1 3 7 9 
1 2 4 7 9 
2 4 7 8 9 
3 6 8 9 
4 5 7 8 
5 7 9 
6 7 9 
7 
8 9 
9 

7
10 1
0 2 4 5 7 8 
1 2 4 7 9 
2 3 5 7 8 
3 5 7 8 9 
4 6 7 
5 7 9 
6 7 8 
7 8 9 
8 9 
9 

8
10 1
0 3 5 6 8 
1 6 8 
2 4 5 7 8 
3 4 5 7 8 
4 5 6 7 8 
5 6 8 9 
6 8 9 
7 9 
8 
9 

9
10 1
0 1 2 4 5 6 8 
1 2 3 4 6 8 
2 3 4 7 
3 4 8 
4 6 
5 6 7 9 
6 9 
7 8 9 
8 
9 

10
10 1
0 1 2 8 
1 2 6 7 9 
2 4 8 
3 4 6 
4 8 
5 6 8 
6 7 8 9 
7 8 9 
8 
9 

11
10 1
0 2 4 5 7 
1 2 3 4 8 
2 7 9 
3 4 6 7 8 
4 5 6 8 
5 6 
6 7 8 9 
7 9 
8 9 
9 

12
10 1
0 2 4 5 7 
1 2 3 5 6 8 
2 3 5 6 7 
3 5 6 9 
4 5 6 9 
5 6 9 
6 7 8 9 
7 8 
8 9 
9 

13
10 1
0 2 4 6 7 9 
1 2 3 7 8 
2 4 
3 8 9 
4 5 7 9 
5 6 7 8 
6 8 
7 8 
8 9 
9 

14
10 1
0 1 
1 3 5 6 7 9 
2 4 5 7 8 9 
3 5 
4 7 9 
5 6 7 8 9 
6 7 8 9 
7 9 
8 
9 

15
10 1
0 4 7 9 
1 3 4 5 7 9 
2 5 6 
3 6 7 9 
4 6 8 
5 8 
6 
7 8 9 
8 9 
9 

16
10 1
0 2 3 5 6 9 
1 3 4 5 6 7 8 9 
2 4 
3 4 5 7 8 
4 5 7 8 9 
5 7 
6 8 
7 
8 9 
9 

17
10 1
0 4 5 6 
1 3 9 
2 4 5 6 9 
3 4 5 6 
4 6 7 9 
5 7 9 
6 8 9 
7 
8 
9 

18
10 1
0 2 7 8 9 
1 2 5 7 
2 3 4 6 7 9 
3 4 5 6 8 9 
4 5 6 9 
5 6 7 8 
6 9 
7 8 
8 9 
9 

19
10 1
0 3 4 8 9 
1 2 3 7 8 9 
2 6 7 8 9 
3 5 6 
4 5 8 
5 
6 8 
7 8 9 
8 9 
9 

20
10 1
0 2 5 6 7 8 
1 2 6 7 8 
2 3 7 
3 5 7 9 
4 5 9 
5 
6 7 9 
7 8 9 
8 
9 

21
10 1
0 1 2 4 5 6 7 8 9 
1 2 3 7 
2 4 5 7 8 
3 6 7 9 
4 6 7 8 9 
5 7 8 
6 8 9 
7 8 9 
8 9 
9 

22
10 1
0 1 2 4 6 7 8 9 
1 2 3 4 5 6 8 
2 3 4 5 8 9 
3 5 8 
4 6 8 
5 6 9 
6 7 8 9 
7 8 
8 9 
9 

23
10 1
0 3 5 6 9 
1 2 4 6 7 
2 4 6 
3 4 5 7 9 
4 5 6 8 
5 7 9 
6 7 
7 9 
8 
9 

24
10 1
0 3 5 6 7 
1 2 7 9 
2 3 6 8 
3 4 9 
4 5 6 8 
5 7 8 9 
6 7 9 
7 
8 
9 

25
10 1
0 1 5 7 9 
1 4 5 7 9 
2 3 8 9 
3 6 9 
4 5 9 
5 8 9 
6 7 
7 8 
8 9 
9 

26
10 1
0 1 3 6 8 9 
1 2 4 8 9 
2 3 4 6 
3 5 8 
4 5 7 
5 8 
6 
7 8 9 
8 
9 

27
10 1
0 4 5 6 7 8 
1 3 
2 3 6 9 
3 4 7 
4 6 9 
5 6 
6 8 
7 9 
8 
9 

28
10 1
0 3 4 9 
1 2 3 5 7 
2 5 6 8 9 
3 4 5 7 8 9 
4 6 7 8 
5 6 8 9 
6 
7 9 
8 9 
9 

29
10 1
0 1 2 4 5 7 
1 2 3 6 7 
2 3 5 6 
3 4 5 7 8 9 
4 5 8 9 
5 6 7 9 
6 7 8 9 
7 
8 
9 

30
10 1
0 1 2 3 4 6 
1 6 7 9 
2 3 6 8 
3 5 6 9 
4 7 8 
5 8 9 
6 8 9 
7 
8 
9 

31
10 1
0 2 5 9 
1 8 9 
2 3 4 5 6 7 9 
3 8 9 
4 7 8 9 
5 7 8 
6 7 8 9 
7 8 
8 
9 

32
10 1
0 1 2 3 4 6 7 8 9 
1 3 4 6 8 
2 4 5 6 8 
3 7 9 
4 7 
5 7 9 
6 7 8 
7 9 
8 
9 

33
10 1
0 3 4 5 8 
1 2 4 5 9 
2 4 7 8 9 
3 
4 5 6 9 
5 6 7 8 9 
6 7 9 
7 8 9 
8 
9 

34
10 1
0 2 4 5 6 7 9 
1 2 4 5 
2 5 7 8 9 
3 4 7 8 9 
4 5 6 8 
5 7 9 
6 8 
7 8 
8 9 
9 

35
10 1
0 4 5 7 
1 6 8 9 
2 3 4 5 6 7 8 
3 5 7 9 
4 6 8 9 
5 6 7 
6 7 8 
7 8 9 
8 
9 

36
10 1
0 2 6 8 
1 2 3 4 6 8 
2 4 
3 4 6 
4 5 7 8 
5 6 7 9 
6 7 8 
7 8 9 
8 9 
9 

37
10 1
0 1 3 
1 2 5 6 9 
2 3 5 6 9 
3 4 5 7 
4 5 6 8 
5 6 7 8 
6 7 8 9 
7 9 
8 
9 

38
10 1
0 1 6 8 9 
1 2 6 7 9 
2 6 7 8 
3 4 5 6 9 
4 8 9 
5 9 
6 8 9 
7 
8 9 
9 

39
10 1
0 1 4 5 7 9 
1 2 3 5 6 7 8 
2 5 6 7 
3 4 5 6 
4 5 6 8 
5 7 
6 7 9 
7 8 9 
8 
9 

40
10 1
0 1 2 3 4 5 9 
1 2 3 
2 3 4 6 7 9 
3 4 6 7 8 
4 5 7 8 9 
5 6 8 
6 8 9 
7 8 9 
8 9 
9 

41
10 1
0 1 2 3 6 7 8 9 
1 3 4 6 7 8 9 
2 3 4 9 
3 4 8 
4 5 7 8 9 
5 6 
6 
7 8 
8 9 
9 

42
10 1
0 2 6 7 8 9 
1 2 4 5 8 
2 6 7 8 
3 4 9 
4 5 7 8 
5 6 7 8 9 
6 9 
7 8 9 
8 9 
9 

43
10 1
0 1 3 4 5 7 8 
1 2 4 7 8 9 
2 3 4 7 8 9 
3 4 7 8 
4 8 
5 6 9 
6 
7 9 
8 
9 

44
10 1
0 1 2 3 4 6 8 9 
1 2 3 5 6 
2 3 4 5 6 8 9 
3 5 7 9 
4 5 7 8 9 
5 7 8 9 
6 7 
7 9 
8 9 
9 

45
10 1
0 2 3 4 5 6 7 9 
1 2 3 4 5 9 
2 4 7 9 
3 4 5 7 
4 6 7 8 
5 7 8 9 
6 8 9 
7 
8 9 
9 

46
10 1
0 2 7 8 9 
1 2 3 4 5 6 7 9 
2 4 5 6 
3 4 8 
4 6 8 9 
5 6 9 
6 7 
7 
8 
9 

47
10 1
0 2 3 4 6 7 9 
1 7 8 
2 7 8 9 
3 5 6 7 9 
4 6 8 
5 
6 7 8 9 
7 8 9 
8 9 
9 

48
10 1
0 1 2 6 7 8 9 
1 2 3 4 6 7 9 
2 3 8 9 
3 5 8 9 
4 6 9 
5 6 7 
6 7 8 
7 
8 
9 

49
10 1
0 3 4 7 8 
1 6 7 
2 5 6 
3 8 9 
4 8 9 
5 7 
6 
7 9 
8 
9 

50
10 1
0 1 2 3 4 5 6 8 
1 2 4 7 
2 3 5 6 7 8 9 
3 5 6 7 8 
4 6 8 9 
5 7 8 9 
6 8 
7 9 
8 9 
9 
