1
4 1
0 3 
1 2 3 
2 
3 

2
4 1
0 1 2 
1 2 
2 3 
3 

3
4 1
0 1 2 3 
1 2 
2 
3 

4
4 1
0 1 2 
1 2 
2 3 
3 

5
4 1
0 1 
1 2 
2 3 
3 

6
4 1
0 2 3 
1 2 3 
2 3 
3 

7
4 1
0 1 2 3 
1 3 
2 3 
3 

8
4 1
0 2 
1 2 3 
2 
3 

9
4 1
0 2 3 
1 2 3 
2 3 
3 

10
4 1
0 1 
1 3 
2 3 
3 

11
4 1
0 2 3 
1 3 
2 
3 

12
4 1
0 1 2 3 
1 
2 3 
3 

13
4 1
0 3 
1 3 
2 3 
3 

14
4 1
0 1 2 
1 2 
2 3 
3 

15
4 1
0 2 3 
1 2 3 
2 3 
3 

16
4 1
0 3 
1 2 3 
2 3 
3 

17
4 1
0 1 
1 
2 3 
3 

18
4 1
0 1 2 3 
1 3 
2 
3 

19
4 1
0 2 
1 3 
2 3 
3 

20
4 1
0 2 
1 2 3 
2 
3 

21
4 1
0 3 
1 2 3 
2 3 
3 

22
4 1
0 1 2 
1 2 3 
2 3 
3 

23
4 1
0 1 2 
1 2 3 
2 
3 

24
4 1
0 1 2 
1 3 
2 
3 

25
4 1
0 3 
1 2 
2 
3 

26
4 1
0 1 2 
1 2 3 
2 3 
3 

27
4 1
0 1 
1 
2 3 
3 

28
4 1
0 3 
1 2 3 
2 
3 

29
4 1
0 3 
1 3 
2 3 
3 

30
4 1
0 2 3 
1 2 
2 3 
3 

31
4 1
0 1 2 3 
1 3 
2 
3 

32
4 1
0 2 
1 3 
2 
3 

33
4 1
0 1 2 
1 2 3 
2 
3 

34
4 1
0 2 
1 3 
2 
3 

35
4 1
0 1 2 3 
1 3 
2 
3 

36
4 1
0 2 
1 2 3 
2 3 
3 

37
4 1
0 1 3 
1 2 
2 3 
3 

38
4 1
0 3 
1 3 
2 3 
3 

39
4 1
0 1 2 
1 2 3 
2 3 
3 

40
4 1
0 1 3 
1 2 3 
2 3 
3 

41
4 1
0 1 2 
1 
2 3 
3 

42
4 1
0 1 
1 
2 3 
3 

43
4 1
0 1 3 
1 
2 3 
3 

44
4 1
0 1 
1 3 
2 3 
3 

45
4 1
0 1 2 
1 3 
2 
3 

46
4 1
0 1 
1 
2 3 
3 

47
4 1
0 1 3 
1 2 
2 3 
3 

48
4 1
0 1 2 
1 2 
2 3 
3 

49
4 1
0 1 2 
1 2 3 
2 
3 

50
4 1
0 1 2 3 
1 
2 3 
3 
