1
6 1
0 1 3 5 
1 2 4 
2 4 5 
3 4 
4 5 
5 

2
6 1
0 2 4 
1 3 
2 
3 4 5 
4 
5 

3
6 1
0 1 3 4 
1 2 5 
2 4 
3 
4 
5 

4
6 1
0 1 2 5 
1 4 5 
2 3 
3 4 
4 
5 

5
6 1
0 3 4 
1 3 5 
2 3 4 5 
3 5 
4 
5 

6
6 1
0 1 4 5 
1 5 
2 3 4 5 
3 
4 
5 

7
6 1
0 2 4 
1 3 
2 3 
3 
4 5 
5 

8
6 1
0 2 3 5 
1 2 3 4 5 
2 5 
3 4 5 
4 5 
5 

9
6 1
0 5 
1 3 5 
2 3 4 5 
3 5 
4 
5 

10
6 1
0 3 5 
1 2 5 
2 5 
3 4 
4 
5 

11
6 1
0 2 4 5 
1 2 4 5 
2 3 4 5 
3 
4 
5 

12
6 1
0 1 4 
1 2 3 5 
2 4 
3 4 5 
4 
5 

13
6 1
0 2 3 5 
1 5 
2 3 4 5 
3 5 
4 5 
5 

14
6 1
0 2 4 5 
1 3 
2 4 
3 5 
4 
5 

15
6 1
0 1 3 4 5 
1 3 4 5 
2 3 4 
3 4 5 
4 
5 

16
6 1
0 1 2 3 5 
1 3 4 5 
2 3 4 5 
3 5 
4 5 
5 

17
6 1
0 2 3 
1 4 
2 3 5 
3 4 
4 
5 

18
6 1
0 1 2 4 
1 2 3 5 
2 3 
3 5 
4 5 
5 

19
6 1
0 4 5 
1 2 4 
2 3 4 
3 
4 5 
5 

20
6 1
0 1 2 3 
1 
2 3 4 5 
3 
4 5 
5 

21
6 1
0 1 
1 2 3 4 
2 3 
3 4 5 
4 5 
5 

22
6 1
0 2 3 
1 4 
2 3 5 
3 4 
4 
5 

23
6 1
0 2 5 
1 5 
2 4 
3 4 5 
4 
5 

24
6 1
0 4 
1 2 4 5 
2 
3 4 
4 5 
5 

25
6 1
0 2 5 
1 2 3 
2 3 5 
3 
4 5 
5 

26
6 1
0 3 4 5 
1 2 5 
2 4 
3 
4 5 
5 

27
6 1
0 1 5 
1 2 3 4 
2 4 
3 4 
4 5 
5 

28
6 1
0 1 2 3 4 5 
1 2 4 
2 3 
3 4 5 
4 5 
5 

29
6 1
0 1 2 5 
1 2 4 
2 3 4 
3 4 5 
4 5 
5 

30
6 1
0 2 3 4 5 
1 2 
2 4 
3 
4 5 
5 

31
6 1
0 1 2 3 4 5 
1 2 
2 4 5 
3 4 
4 
5 

32
6 1
0 1 3 4 5 
1 2 
2 
3 4 5 
4 5 
5 

33
6 1
0 1 3 5 
1 2 3 5 
2 3 
3 4 
4 5 
5 

34
6 1
0 1 2 3 4 5 
1 2 
2 4 
3 4 5 
4 
5 

35
6 1
0 3 4 
1 2 3 4 
2 4 
3 5 
4 5 
5 

36
6 1
0 1 2 3 5 
1 2 3 5 
2 3 5 
3 4 
4 5 
5 

37
6 1
0 2 3 4 
1 3 5 
2 3 5 
3 5 
4 
5 

38
6 1
0 1 4 
1 3 5 
2 3 5 
3 4 
4 5 
5 

39
6 1
0 3 
1 2 4 
2 3 4 
3 4 5 
4 
5 

40
6 1
0 1 2 
1 4 5 
2 3 
3 4 5 
4 
5 

41
6 1
0 1 5 
1 2 3 5 
2 4 5 
3 5 
4 5 
5 

42
6 1
0 1 2 
1 3 5 
2 3 
3 4 5 
4 5 
5 

43
6 1
0 1 2 3 5 
1 2 3 
2 
3 5 
4 5 
5 

44
6 1
0 1 2 3 4 5 
1 2 3 4 
2 3 4 
3 
4 
5 

45
6 1
0 1 2 5 
1 2 
2 3 4 
3 4 
4 
5 

46
6 1
0 3 5 
1 2 3 4 5 
2 5 
3 5 
4 5 
5 

47
6 1
0 1 4 5 
1 3 
2 3 4 
3 5 
4 5 
5 

48
6 1
0 1 2 3 5 
1 2 3 
2 5 
3 4 5 
4 
5 

49
6 1
0 1 3 4 
1 2 5 
2 3 
3 
4 
5 

50
6 1
0 1 5 
1 4 5 
2 4 
3 4 
4 
5 
