1
5 1
0 1 
1 2 
2 3 
3 4 
4 

2
5 1
0 1 
1 2 
2 3 4 
3 4 
4 

3
5 1
0 1 
1 2 3 
2 3 
3 4 
4 

4
5 1
0 1 
1 2 3 
2 3 4 
3 4 
4 

5
5 1
0 1 
1 2 3 4 
2 3 
3 4 
4 

6
5 1
0 1 
1 2 3 4 
2 3 4 
3 4 
4 

7
5 1
0 1 2 
1 2 
2 3 
3 4 
4 

8
5 1
0 1 2 
1 2 
2 3 4 
3 4 
4 

9
5 1
0 1 2 
1 2 3 
2 3 
3 4 
4 

10
5 1
0 1 2 
1 2 3 
2 3 4 
3 4 
4 

11
5 1
0 1 2 
1 2 3 4 
2 3 
3 4 
4 

12
5 1
0 1 2 
1 2 3 4 
2 3 4 
3 4 
4 

13
5 1
0 1 2 3 
1 2 
2 3 
3 4 
4 

14
5 1
0 1 2 3 
1 2 
2 3 4 
3 4 
4 

15
5 1
0 1 2 3 
1 2 3 
2 3 
3 4 
4 

16
5 1
0 1 2 3 
1 2 3 
2 3 4 
3 4 
4 

17
5 1
0 1 2 3 
1 2 3 4 
2 3 
3 4 
4 

18
5 1
0 1 2 3 
1 2 3 4 
2 3 4 
3 4 
4 

19
5 1
0 1 2 3 4 
1 2 
2 3 
3 4 
4 

20
5 1
0 1 2 3 4 
1 2 
2 3 4 
3 4 
4 

21
5 1
0 1 2 3 4 
1 2 3 
2 3 
3 4 
4 

22
5 1
0 1 2 3 4 
1 2 3 
2 3 4 
3 4 
4 

23
5 1
0 1 2 3 4 
1 2 3 4 
2 3 
3 4 
4 

24
5 1
0 1 2 3 4 
1 2 3 4 
2 3 4 
3 4 
4 
