1
6 1
0 1 
1 2 
2 3 
3 4 
4 5 
5 

2
6 1
0 1 
1 2 
2 3 
3 4 5 
4 5 
5 

3
6 1
0 1 
1 2 
2 3 4 
3 4 
4 5 
5 

4
6 1
0 1 
1 2 
2 3 4 
3 4 5 
4 5 
5 

5
6 1
0 1 
1 2 
2 3 4 5 
3 4 
4 5 
5 

6
6 1
0 1 
1 2 
2 3 4 5 
3 4 5 
4 5 
5 

7
6 1
0 1 
1 2 3 
2 3 
3 4 
4 5 
5 

8
6 1
0 1 
1 2 3 
2 3 
3 4 5 
4 5 
5 

9
6 1
0 1 
1 2 3 
2 3 4 
3 4 
4 5 
5 

10
6 1
0 1 
1 2 3 
2 3 4 
3 4 5 
4 5 
5 

11
6 1
0 1 
1 2 3 
2 3 4 5 
3 4 
4 5 
5 

12
6 1
0 1 
1 2 3 
2 3 4 5 
3 4 5 
4 5 
5 

13
6 1
0 1 
1 2 3 4 
2 3 
3 4 
4 5 
5 

14
6 1
0 1 
1 2 3 4 
2 3 
3 4 5 
4 5 
5 

15
6 1
0 1 
1 2 3 4 
2 3 4 
3 4 
4 5 
5 

16
6 1
0 1 
1 2 3 4 
2 3 4 
3 4 5 
4 5 
5 

17
6 1
0 1 
1 2 3 4 
2 3 4 5 
3 4 
4 5 
5 

18
6 1
0 1 
1 2 3 4 
2 3 4 5 
3 4 5 
4 5 
5 

19
6 1
0 1 
1 2 3 4 5 
2 3 
3 4 
4 5 
5 

20
6 1
0 1 
1 2 3 4 5 
2 3 
3 4 5 
4 5 
5 

21
6 1
0 1 
1 2 3 4 5 
2 3 4 
3 4 
4 5 
5 

22
6 1
0 1 
1 2 3 4 5 
2 3 4 
3 4 5 
4 5 
5 

23
6 1
0 1 
1 2 3 4 5 
2 3 4 5 
3 4 
4 5 
5 

24
6 1
0 1 
1 2 3 4 5 
2 3 4 5 
3 4 5 
4 5 
5 

25
6 1
0 1 2 
1 2 
2 3 
3 4 
4 5 
5 

26
6 1
0 1 2 
1 2 
2 3 
3 4 5 
4 5 
5 

27
6 1
0 1 2 
1 2 
2 3 4 
3 4 
4 5 
5 

28
6 1
0 1 2 
1 2 
2 3 4 
3 4 5 
4 5 
5 

29
6 1
0 1 2 
1 2 
2 3 4 5 
3 4 
4 5 
5 

30
6 1
0 1 2 
1 2 
2 3 4 5 
3 4 5 
4 5 
5 

31
6 1
0 1 2 
1 2 3 
2 3 
3 4 
4 5 
5 

32
6 1
0 1 2 
1 2 3 
2 3 
3 4 5 
4 5 
5 

33
6 1
0 1 2 
1 2 3 
2 3 4 
3 4 
4 5 
5 

34
6 1
0 1 2 
1 2 3 
2 3 4 
3 4 5 
4 5 
5 

35
6 1
0 1 2 
1 2 3 
2 3 4 5 
3 4 
4 5 
5 

36
6 1
0 1 2 
1 2 3 
2 3 4 5 
3 4 5 
4 5 
5 

37
6 1
0 1 2 
1 2 3 4 
2 3 
3 4 
4 5 
5 

38
6 1
0 1 2 
1 2 3 4 
2 3 
3 4 5 
4 5 
5 

39
6 1
0 1 2 
1 2 3 4 
2 3 4 
3 4 
4 5 
5 

40
6 1
0 1 2 
1 2 3 4 
2 3 4 
3 4 5 
4 5 
5 

41
6 1
0 1 2 
1 2 3 4 
2 3 4 5 
3 4 
4 5 
5 

42
6 1
0 1 2 
1 2 3 4 
2 3 4 5 
3 4 5 
4 5 
5 

43
6 1
0 1 2 
1 2 3 4 5 
2 3 
3 4 
4 5 
5 

44
6 1
0 1 2 
1 2 3 4 5 
2 3 
3 4 5 
4 5 
5 

45
6 1
0 1 2 
1 2 3 4 5 
2 3 4 
3 4 
4 5 
5 

46
6 1
0 1 2 
1 2 3 4 5 
2 3 4 
3 4 5 
4 5 
5 

47
6 1
0 1 2 
1 2 3 4 5 
2 3 4 5 
3 4 
4 5 
5 

48
6 1
0 1 2 
1 2 3 4 5 
2 3 4 5 
3 4 5 
4 5 
5 

49
6 1
0 1 2 3 
1 2 
2 3 
3 4 
4 5 
5 

50
6 1
0 1 2 3 
1 2 
2 3 
3 4 5 
4 5 
5 

51
6 1
0 1 2 3 
1 2 
2 3 4 
3 4 
4 5 
5 

52
6 1
0 1 2 3 
1 2 
2 3 4 
3 4 5 
4 5 
5 

53
6 1
0 1 2 3 
1 2 
2 3 4 5 
3 4 
4 5 
5 

54
6 1
0 1 2 3 
1 2 
2 3 4 5 
3 4 5 
4 5 
5 

55
6 1
0 1 2 3 
1 2 3 
2 3 
3 4 
4 5 
5 

56
6 1
0 1 2 3 
1 2 3 
2 3 
3 4 5 
4 5 
5 

57
6 1
0 1 2 3 
1 2 3 
2 3 4 
3 4 
4 5 
5 

58
6 1
0 1 2 3 
1 2 3 
2 3 4 
3 4 5 
4 5 
5 

59
6 1
0 1 2 3 
1 2 3 
2 3 4 5 
3 4 
4 5 
5 

60
6 1
0 1 2 3 
1 2 3 
2 3 4 5 
3 4 5 
4 5 
5 

61
6 1
0 1 2 3 
1 2 3 4 
2 3 
3 4 
4 5 
5 

62
6 1
0 1 2 3 
1 2 3 4 
2 3 
3 4 5 
4 5 
5 

63
6 1
0 1 2 3 
1 2 3 4 
2 3 4 
3 4 
4 5 
5 

64
6 1
0 1 2 3 
1 2 3 4 
2 3 4 
3 4 5 
4 5 
5 

65
6 1
0 1 2 3 
1 2 3 4 
2 3 4 5 
3 4 
4 5 
5 

66
6 1
0 1 2 3 
1 2 3 4 
2 3 4 5 
3 4 5 
4 5 
5 

67
6 1
0 1 2 3 
1 2 3 4 5 
2 3 
3 4 
4 5 
5 

68
6 1
0 1 2 3 
1 2 3 4 5 
2 3 
3 4 5 
4 5 
5 

69
6 1
0 1 2 3 
1 2 3 4 5 
2 3 4 
3 4 
4 5 
5 

70
6 1
0 1 2 3 
1 2 3 4 5 
2 3 4 
3 4 5 
4 5 
5 

71
6 1
0 1 2 3 
1 2 3 4 5 
2 3 4 5 
3 4 
4 5 
5 

72
6 1
0 1 2 3 
1 2 3 4 5 
2 3 4 5 
3 4 5 
4 5 
5 

73
6 1
0 1 2 3 4 
1 2 
2 3 
3 4 
4 5 
5 

74
6 1
0 1 2 3 4 
1 2 
2 3 
3 4 5 
4 5 
5 

75
6 1
0 1 2 3 4 
1 2 
2 3 4 
3 4 
4 5 
5 

76
6 1
0 1 2 3 4 
1 2 
2 3 4 
3 4 5 
4 5 
5 

77
6 1
0 1 2 3 4 
1 2 
2 3 4 5 
3 4 
4 5 
5 

78
6 1
0 1 2 3 4 
1 2 
2 3 4 5 
3 4 5 
4 5 
5 

79
6 1
0 1 2 3 4 
1 2 3 
2 3 
3 4 
4 5 
5 

80
6 1
0 1 2 3 4 
1 2 3 
2 3 
3 4 5 
4 5 
5 

81
6 1
0 1 2 3 4 
1 2 3 
2 3 4 
3 4 
4 5 
5 

82
6 1
0 1 2 3 4 
1 2 3 
2 3 4 
3 4 5 
4 5 
5 

83
6 1
0 1 2 3 4 
1 2 3 
2 3 4 5 
3 4 
4 5 
5 

84
6 1
0 1 2 3 4 
1 2 3 
2 3 4 5 
3 4 5 
4 5 
5 

85
6 1
0 1 2 3 4 
1 2 3 4 
2 3 
3 4 
4 5 
5 

86
6 1
0 1 2 3 4 
1 2 3 4 
2 3 
3 4 5 
4 5 
5 

87
6 1
0 1 2 3 4 
1 2 3 4 
2 3 4 
3 4 
4 5 
5 

88
6 1
0 1 2 3 4 
1 2 3 4 
2 3 4 
3 4 5 
4 5 
5 

89
6 1
0 1 2 3 4 
1 2 3 4 
2 3 4 5 
3 4 
4 5 
5 

90
6 1
0 1 2 3 4 
1 2 3 4 
2 3 4 5 
3 4 5 
4 5 
5 

91
6 1
0 1 2 3 4 
1 2 3 4 5 
2 3 
3 4 
4 5 
5 

92
6 1
0 1 2 3 4 
1 2 3 4 5 
2 3 
3 4 5 
4 5 
5 

93
6 1
0 1 2 3 4 
1 2 3 4 5 
2 3 4 
3 4 
4 5 
5 

94
6 1
0 1 2 3 4 
1 2 3 4 5 
2 3 4 
3 4 5 
4 5 
5 

95
6 1
0 1 2 3 4 
1 2 3 4 5 
2 3 4 5 
3 4 
4 5 
5 

96
6 1
0 1 2 3 4 
1 2 3 4 5 
2 3 4 5 
3 4 5 
4 5 
5 

97
6 1
0 1 2 3 4 5 
1 2 
2 3 
3 4 
4 5 
5 

98
6 1
0 1 2 3 4 5 
1 2 
2 3 
3 4 5 
4 5 
5 

99
6 1
0 1 2 3 4 5 
1 2 
2 3 4 
3 4 
4 5 
5 

100
6 1
0 1 2 3 4 5 
1 2 
2 3 4 
3 4 5 
4 5 
5 

101
6 1
0 1 2 3 4 5 
1 2 
2 3 4 5 
3 4 
4 5 
5 

102
6 1
0 1 2 3 4 5 
1 2 
2 3 4 5 
3 4 5 
4 5 
5 

103
6 1
0 1 2 3 4 5 
1 2 3 
2 3 
3 4 
4 5 
5 

104
6 1
0 1 2 3 4 5 
1 2 3 
2 3 
3 4 5 
4 5 
5 

105
6 1
0 1 2 3 4 5 
1 2 3 
2 3 4 
3 4 
4 5 
5 

106
6 1
0 1 2 3 4 5 
1 2 3 
2 3 4 
3 4 5 
4 5 
5 

107
6 1
0 1 2 3 4 5 
1 2 3 
2 3 4 5 
3 4 
4 5 
5 

108
6 1
0 1 2 3 4 5 
1 2 3 
2 3 4 5 
3 4 5 
4 5 
5 

109
6 1
0 1 2 3 4 5 
1 2 3 4 
2 3 
3 4 
4 5 
5 

110
6 1
0 1 2 3 4 5 
1 2 3 4 
2 3 
3 4 5 
4 5 
5 

111
6 1
0 1 2 3 4 5 
1 2 3 4 
2 3 4 
3 4 
4 5 
5 

112
6 1
0 1 2 3 4 5 
1 2 3 4 
2 3 4 
3 4 5 
4 5 
5 

113
6 1
0 1 2 3 4 5 
1 2 3 4 
2 3 4 5 
3 4 
4 5 
5 

114
6 1
0 1 2 3 4 5 
1 2 3 4 
2 3 4 5 
3 4 5 
4 5 
5 

115
6 1
0 1 2 3 4 5 
1 2 3 4 5 
2 3 
3 4 
4 5 
5 

116
6 1
0 1 2 3 4 5 
1 2 3 4 5 
2 3 
3 4 5 
4 5 
5 

117
6 1
0 1 2 3 4 5 
1 2 3 4 5 
2 3 4 
3 4 
4 5 
5 

118
6 1
0 1 2 3 4 5 
1 2 3 4 5 
2 3 4 
3 4 5 
4 5 
5 

119
6 1
0 1 2 3 4 5 
1 2 3 4 5 
2 3 4 5 
3 4 
4 5 
5 

120
6 1
0 1 2 3 4 5 
1 2 3 4 5 
2 3 4 5 
3 4 5 
4 5 
5 
