1
7 1
0 1 
1 2 
2 3 
3 4 
4 5 
5 6 
6 

2
7 1
0 1 
1 2 
2 3 
3 4 
4 5 6 
5 6 
6 

3
7 1
0 1 
1 2 
2 3 
3 4 5 
4 5 
5 6 
6 

4
7 1
0 1 
1 2 
2 3 
3 4 5 
4 5 6 
5 6 
6 

5
7 1
0 1 
1 2 
2 3 
3 4 5 6 
4 5 
5 6 
6 

6
7 1
0 1 
1 2 
2 3 
3 4 5 6 
4 5 6 
5 6 
6 

7
7 1
0 1 
1 2 
2 3 4 
3 4 
4 5 
5 6 
6 

8
7 1
0 1 
1 2 
2 3 4 
3 4 
4 5 6 
5 6 
6 

9
7 1
0 1 
1 2 
2 3 4 
3 4 5 
4 5 
5 6 
6 

10
7 1
0 1 
1 2 
2 3 4 
3 4 5 
4 5 6 
5 6 
6 

11
7 1
0 1 
1 2 
2 3 4 
3 4 5 6 
4 5 
5 6 
6 

12
7 1
0 1 
1 2 
2 3 4 
3 4 5 6 
4 5 6 
5 6 
6 

13
7 1
0 1 
1 2 
2 3 4 5 
3 4 
4 5 
5 6 
6 

14
7 1
0 1 
1 2 
2 3 4 5 
3 4 
4 5 6 
5 6 
6 

15
7 1
0 1 
1 2 
2 3 4 5 
3 4 5 
4 5 
5 6 
6 

16
7 1
0 1 
1 2 
2 3 4 5 
3 4 5 
4 5 6 
5 6 
6 

17
7 1
0 1 
1 2 
2 3 4 5 
3 4 5 6 
4 5 
5 6 
6 

18
7 1
0 1 
1 2 
2 3 4 5 
3 4 5 6 
4 5 6 
5 6 
6 

19
7 1
0 1 
1 2 
2 3 4 5 6 
3 4 
4 5 
5 6 
6 

20
7 1
0 1 
1 2 
2 3 4 5 6 
3 4 
4 5 6 
5 6 
6 

21
7 1
0 1 
1 2 
2 3 4 5 6 
3 4 5 
4 5 
5 6 
6 

22
7 1
0 1 
1 2 
2 3 4 5 6 
3 4 5 
4 5 6 
5 6 
6 

23
7 1
0 1 
1 2 
2 3 4 5 6 
3 4 5 6 
4 5 
5 6 
6 

24
7 1
0 1 
1 2 
2 3 4 5 6 
3 4 5 6 
4 5 6 
5 6 
6 

25
7 1
0 1 
1 2 3 
2 3 
3 4 
4 5 
5 6 
6 

26
7 1
0 1 
1 2 3 
2 3 
3 4 
4 5 6 
5 6 
6 

27
7 1
0 1 
1 2 3 
2 3 
3 4 5 
4 5 
5 6 
6 

28
7 1
0 1 
1 2 3 
2 3 
3 4 5 
4 5 6 
5 6 
6 

29
7 1
0 1 
1 2 3 
2 3 
3 4 5 6 
4 5 
5 6 
6 

30
7 1
0 1 
1 2 3 
2 3 
3 4 5 6 
4 5 6 
5 6 
6 

31
7 1
0 1 
1 2 3 
2 3 4 
3 4 
4 5 
5 6 
6 

32
7 1
0 1 
1 2 3 
2 3 4 
3 4 
4 5 6 
5 6 
6 

33
7 1
0 1 
1 2 3 
2 3 4 
3 4 5 
4 5 
5 6 
6 

34
7 1
0 1 
1 2 3 
2 3 4 
3 4 5 
4 5 6 
5 6 
6 

35
7 1
0 1 
1 2 3 
2 3 4 
3 4 5 6 
4 5 
5 6 
6 

36
7 1
0 1 
1 2 3 
2 3 4 
3 4 5 6 
4 5 6 
5 6 
6 

37
7 1
0 1 
1 2 3 
2 3 4 5 
3 4 
4 5 
5 6 
6 

38
7 1
0 1 
1 2 3 
2 3 4 5 
3 4 
4 5 6 
5 6 
6 

39
7 1
0 1 
1 2 3 
2 3 4 5 
3 4 5 
4 5 
5 6 
6 

40
7 1
0 1 
1 2 3 
2 3 4 5 
3 4 5 
4 5 6 
5 6 
6 

41
7 1
0 1 
1 2 3 
2 3 4 5 
3 4 5 6 
4 5 
5 6 
6 

42
7 1
0 1 
1 2 3 
2 3 4 5 
3 4 5 6 
4 5 6 
5 6 
6 

43
7 1
0 1 
1 2 3 
2 3 4 5 6 
3 4 
4 5 
5 6 
6 

44
7 1
0 1 
1 2 3 
2 3 4 5 6 
3 4 
4 5 6 
5 6 
6 

45
7 1
0 1 
1 2 3 
2 3 4 5 6 
3 4 5 
4 5 
5 6 
6 

46
7 1
0 1 
1 2 3 
2 3 4 5 6 
3 4 5 
4 5 6 
5 6 
6 

47
7 1
0 1 
1 2 3 
2 3 4 5 6 
3 4 5 6 
4 5 
5 6 
6 

48
7 1
0 1 
1 2 3 
2 3 4 5 6 
3 4 5 6 
4 5 6 
5 6 
6 

49
7 1
0 1 
1 2 3 4 
2 3 
3 4 
4 5 
5 6 
6 

50
7 1
0 1 
1 2 3 4 
2 3 
3 4 
4 5 6 
5 6 
6 

51
7 1
0 1 
1 2 3 4 
2 3 
3 4 5 
4 5 
5 6 
6 

52
7 1
0 1 
1 2 3 4 
2 3 
3 4 5 
4 5 6 
5 6 
6 

53
7 1
0 1 
1 2 3 4 
2 3 
3 4 5 6 
4 5 
5 6 
6 

54
7 1
0 1 
1 2 3 4 
2 3 
3 4 5 6 
4 5 6 
5 6 
6 

55
7 1
0 1 
1 2 3 4 
2 3 4 
3 4 
4 5 
5 6 
6 

56
7 1
0 1 
1 2 3 4 
2 3 4 
3 4 
4 5 6 
5 6 
6 

57
7 1
0 1 
1 2 3 4 
2 3 4 
3 4 5 
4 5 
5 6 
6 

58
7 1
0 1 
1 2 3 4 
2 3 4 
3 4 5 
4 5 6 
5 6 
6 

59
7 1
0 1 
1 2 3 4 
2 3 4 
3 4 5 6 
4 5 
5 6 
6 

60
7 1
0 1 
1 2 3 4 
2 3 4 
3 4 5 6 
4 5 6 
5 6 
6 

61
7 1
0 1 
1 2 3 4 
2 3 4 5 
3 4 
4 5 
5 6 
6 

62
7 1
0 1 
1 2 3 4 
2 3 4 5 
3 4 
4 5 6 
5 6 
6 

63
7 1
0 1 
1 2 3 4 
2 3 4 5 
3 4 5 
4 5 
5 6 
6 

64
7 1
0 1 
1 2 3 4 
2 3 4 5 
3 4 5 
4 5 6 
5 6 
6 

65
7 1
0 1 
1 2 3 4 
2 3 4 5 
3 4 5 6 
4 5 
5 6 
6 

66
7 1
0 1 
1 2 3 4 
2 3 4 5 
3 4 5 6 
4 5 6 
5 6 
6 

67
7 1
0 1 
1 2 3 4 
2 3 4 5 6 
3 4 
4 5 
5 6 
6 

68
7 1
0 1 
1 2 3 4 
2 3 4 5 6 
3 4 
4 5 6 
5 6 
6 

69
7 1
0 1 
1 2 3 4 
2 3 4 5 6 
3 4 5 
4 5 
5 6 
6 

70
7 1
0 1 
1 2 3 4 
2 3 4 5 6 
3 4 5 
4 5 6 
5 6 
6 

71
7 1
0 1 
1 2 3 4 
2 3 4 5 6 
3 4 5 6 
4 5 
5 6 
6 

72
7 1
0 1 
1 2 3 4 
2 3 4 5 6 
3 4 5 6 
4 5 6 
5 6 
6 

73
7 1
0 1 
1 2 3 4 5 
2 3 
3 4 
4 5 
5 6 
6 

74
7 1
0 1 
1 2 3 4 5 
2 3 
3 4 
4 5 6 
5 6 
6 

75
7 1
0 1 
1 2 3 4 5 
2 3 
3 4 5 
4 5 
5 6 
6 

76
7 1
0 1 
1 2 3 4 5 
2 3 
3 4 5 
4 5 6 
5 6 
6 

77
7 1
0 1 
1 2 3 4 5 
2 3 
3 4 5 6 
4 5 
5 6 
6 

78
7 1
0 1 
1 2 3 4 5 
2 3 
3 4 5 6 
4 5 6 
5 6 
6 

79
7 1
0 1 
1 2 3 4 5 
2 3 4 
3 4 
4 5 
5 6 
6 

80
7 1
0 1 
1 2 3 4 5 
2 3 4 
3 4 
4 5 6 
5 6 
6 

81
7 1
0 1 
1 2 3 4 5 
2 3 4 
3 4 5 
4 5 
5 6 
6 

82
7 1
0 1 
1 2 3 4 5 
2 3 4 
3 4 5 
4 5 6 
5 6 
6 

83
7 1
0 1 
1 2 3 4 5 
2 3 4 
3 4 5 6 
4 5 
5 6 
6 

84
7 1
0 1 
1 2 3 4 5 
2 3 4 
3 4 5 6 
4 5 6 
5 6 
6 

85
7 1
0 1 
1 2 3 4 5 
2 3 4 5 
3 4 
4 5 
5 6 
6 

86
7 1
0 1 
1 2 3 4 5 
2 3 4 5 
3 4 
4 5 6 
5 6 
6 

87
7 1
0 1 
1 2 3 4 5 
2 3 4 5 
3 4 5 
4 5 
5 6 
6 

88
7 1
0 1 
1 2 3 4 5 
2 3 4 5 
3 4 5 
4 5 6 
5 6 
6 

89
7 1
0 1 
1 2 3 4 5 
2 3 4 5 
3 4 5 6 
4 5 
5 6 
6 

90
7 1
0 1 
1 2 3 4 5 
2 3 4 5 
3 4 5 6 
4 5 6 
5 6 
6 

91
7 1
0 1 
1 2 3 4 5 
2 3 4 5 6 
3 4 
4 5 
5 6 
6 

92
7 1
0 1 
1 2 3 4 5 
2 3 4 5 6 
3 4 
4 5 6 
5 6 
6 

93
7 1
0 1 
1 2 3 4 5 
2 3 4 5 6 
3 4 5 
4 5 
5 6 
6 

94
7 1
0 1 
1 2 3 4 5 
2 3 4 5 6 
3 4 5 
4 5 6 
5 6 
6 

95
7 1
0 1 
1 2 3 4 5 
2 3 4 5 6 
3 4 5 6 
4 5 
5 6 
6 

96
7 1
0 1 
1 2 3 4 5 
2 3 4 5 6 
3 4 5 6 
4 5 6 
5 6 
6 

97
7 1
0 1 
1 2 3 4 5 6 
2 3 
3 4 
4 5 
5 6 
6 

98
7 1
0 1 
1 2 3 4 5 6 
2 3 
3 4 
4 5 6 
5 6 
6 

99
7 1
0 1 
1 2 3 4 5 6 
2 3 
3 4 5 
4 5 
5 6 
6 

100
7 1
0 1 
1 2 3 4 5 6 
2 3 
3 4 5 
4 5 6 
5 6 
6 

101
7 1
0 1 
1 2 3 4 5 6 
2 3 
3 4 5 6 
4 5 
5 6 
6 

102
7 1
0 1 
1 2 3 4 5 6 
2 3 
3 4 5 6 
4 5 6 
5 6 
6 

103
7 1
0 1 
1 2 3 4 5 6 
2 3 4 
3 4 
4 5 
5 6 
6 

104
7 1
0 1 
1 2 3 4 5 6 
2 3 4 
3 4 
4 5 6 
5 6 
6 

105
7 1
0 1 
1 2 3 4 5 6 
2 3 4 
3 4 5 
4 5 
5 6 
6 

106
7 1
0 1 
1 2 3 4 5 6 
2 3 4 
3 4 5 
4 5 6 
5 6 
6 

107
7 1
0 1 
1 2 3 4 5 6 
2 3 4 
3 4 5 6 
4 5 
5 6 
6 

108
7 1
0 1 
1 2 3 4 5 6 
2 3 4 
3 4 5 6 
4 5 6 
5 6 
6 

109
7 1
0 1 
1 2 3 4 5 6 
2 3 4 5 
3 4 
4 5 
5 6 
6 

110
7 1
0 1 
1 2 3 4 5 6 
2 3 4 5 
3 4 
4 5 6 
5 6 
6 

111
7 1
0 1 
1 2 3 4 5 6 
2 3 4 5 
3 4 5 
4 5 
5 6 
6 

112
7 1
0 1 
1 2 3 4 5 6 
2 3 4 5 
3 4 5 
4 5 6 
5 6 
6 

113
7 1
0 1 
1 2 3 4 5 6 
2 3 4 5 
3 4 5 6 
4 5 
5 6 
6 

114
7 1
0 1 
1 2 3 4 5 6 
2 3 4 5 
3 4 5 6 
4 5 6 
5 6 
6 

115
7 1
0 1 
1 2 3 4 5 6 
2 3 4 5 6 
3 4 
4 5 
5 6 
6 

116
7 1
0 1 
1 2 3 4 5 6 
2 3 4 5 6 
3 4 
4 5 6 
5 6 
6 

117
7 1
0 1 
1 2 3 4 5 6 
2 3 4 5 6 
3 4 5 
4 5 
5 6 
6 

118
7 1
0 1 
1 2 3 4 5 6 
2 3 4 5 6 
3 4 5 
4 5 6 
5 6 
6 

119
7 1
0 1 
1 2 3 4 5 6 
2 3 4 5 6 
3 4 5 6 
4 5 
5 6 
6 

120
7 1
0 1 
1 2 3 4 5 6 
2 3 4 5 6 
3 4 5 6 
4 5 6 
5 6 
6 

121
7 1
0 1 2 
1 2 
2 3 
3 4 
4 5 
5 6 
6 

122
7 1
0 1 2 
1 2 
2 3 
3 4 
4 5 6 
5 6 
6 

123
7 1
0 1 2 
1 2 
2 3 
3 4 5 
4 5 
5 6 
6 

124
7 1
0 1 2 
1 2 
2 3 
3 4 5 
4 5 6 
5 6 
6 

125
7 1
0 1 2 
1 2 
2 3 
3 4 5 6 
4 5 
5 6 
6 

126
7 1
0 1 2 
1 2 
2 3 
3 4 5 6 
4 5 6 
5 6 
6 

127
7 1
0 1 2 
1 2 
2 3 4 
3 4 
4 5 
5 6 
6 

128
7 1
0 1 2 
1 2 
2 3 4 
3 4 
4 5 6 
5 6 
6 

129
7 1
0 1 2 
1 2 
2 3 4 
3 4 5 
4 5 
5 6 
6 

130
7 1
0 1 2 
1 2 
2 3 4 
3 4 5 
4 5 6 
5 6 
6 

131
7 1
0 1 2 
1 2 
2 3 4 
3 4 5 6 
4 5 
5 6 
6 

132
7 1
0 1 2 
1 2 
2 3 4 
3 4 5 6 
4 5 6 
5 6 
6 

133
7 1
0 1 2 
1 2 
2 3 4 5 
3 4 
4 5 
5 6 
6 

134
7 1
0 1 2 
1 2 
2 3 4 5 
3 4 
4 5 6 
5 6 
6 

135
7 1
0 1 2 
1 2 
2 3 4 5 
3 4 5 
4 5 
5 6 
6 

136
7 1
0 1 2 
1 2 
2 3 4 5 
3 4 5 
4 5 6 
5 6 
6 

137
7 1
0 1 2 
1 2 
2 3 4 5 
3 4 5 6 
4 5 
5 6 
6 

138
7 1
0 1 2 
1 2 
2 3 4 5 
3 4 5 6 
4 5 6 
5 6 
6 

139
7 1
0 1 2 
1 2 
2 3 4 5 6 
3 4 
4 5 
5 6 
6 

140
7 1
0 1 2 
1 2 
2 3 4 5 6 
3 4 
4 5 6 
5 6 
6 

141
7 1
0 1 2 
1 2 
2 3 4 5 6 
3 4 5 
4 5 
5 6 
6 

142
7 1
0 1 2 
1 2 
2 3 4 5 6 
3 4 5 
4 5 6 
5 6 
6 

143
7 1
0 1 2 
1 2 
2 3 4 5 6 
3 4 5 6 
4 5 
5 6 
6 

144
7 1
0 1 2 
1 2 
2 3 4 5 6 
3 4 5 6 
4 5 6 
5 6 
6 

145
7 1
0 1 2 
1 2 3 
2 3 
3 4 
4 5 
5 6 
6 

146
7 1
0 1 2 
1 2 3 
2 3 
3 4 
4 5 6 
5 6 
6 

147
7 1
0 1 2 
1 2 3 
2 3 
3 4 5 
4 5 
5 6 
6 

148
7 1
0 1 2 
1 2 3 
2 3 
3 4 5 
4 5 6 
5 6 
6 

149
7 1
0 1 2 
1 2 3 
2 3 
3 4 5 6 
4 5 
5 6 
6 

150
7 1
0 1 2 
1 2 3 
2 3 
3 4 5 6 
4 5 6 
5 6 
6 

151
7 1
0 1 2 
1 2 3 
2 3 4 
3 4 
4 5 
5 6 
6 

152
7 1
0 1 2 
1 2 3 
2 3 4 
3 4 
4 5 6 
5 6 
6 

153
7 1
0 1 2 
1 2 3 
2 3 4 
3 4 5 
4 5 
5 6 
6 

154
7 1
0 1 2 
1 2 3 
2 3 4 
3 4 5 
4 5 6 
5 6 
6 

155
7 1
0 1 2 
1 2 3 
2 3 4 
3 4 5 6 
4 5 
5 6 
6 

156
7 1
0 1 2 
1 2 3 
2 3 4 
3 4 5 6 
4 5 6 
5 6 
6 

157
7 1
0 1 2 
1 2 3 
2 3 4 5 
3 4 
4 5 
5 6 
6 

158
7 1
0 1 2 
1 2 3 
2 3 4 5 
3 4 
4 5 6 
5 6 
6 

159
7 1
0 1 2 
1 2 3 
2 3 4 5 
3 4 5 
4 5 
5 6 
6 

160
7 1
0 1 2 
1 2 3 
2 3 4 5 
3 4 5 
4 5 6 
5 6 
6 

161
7 1
0 1 2 
1 2 3 
2 3 4 5 
3 4 5 6 
4 5 
5 6 
6 

162
7 1
0 1 2 
1 2 3 
2 3 4 5 
3 4 5 6 
4 5 6 
5 6 
6 

163
7 1
0 1 2 
1 2 3 
2 3 4 5 6 
3 4 
4 5 
5 6 
6 

164
7 1
0 1 2 
1 2 3 
2 3 4 5 6 
3 4 
4 5 6 
5 6 
6 

165
7 1
0 1 2 
1 2 3 
2 3 4 5 6 
3 4 5 
4 5 
5 6 
6 

166
7 1
0 1 2 
1 2 3 
2 3 4 5 6 
3 4 5 
4 5 6 
5 6 
6 

167
7 1
0 1 2 
1 2 3 
2 3 4 5 6 
3 4 5 6 
4 5 
5 6 
6 

168
7 1
0 1 2 
1 2 3 
2 3 4 5 6 
3 4 5 6 
4 5 6 
5 6 
6 

169
7 1
0 1 2 
1 2 3 4 
2 3 
3 4 
4 5 
5 6 
6 

170
7 1
0 1 2 
1 2 3 4 
2 3 
3 4 
4 5 6 
5 6 
6 

171
7 1
0 1 2 
1 2 3 4 
2 3 
3 4 5 
4 5 
5 6 
6 

172
7 1
0 1 2 
1 2 3 4 
2 3 
3 4 5 
4 5 6 
5 6 
6 

173
7 1
0 1 2 
1 2 3 4 
2 3 
3 4 5 6 
4 5 
5 6 
6 

174
7 1
0 1 2 
1 2 3 4 
2 3 
3 4 5 6 
4 5 6 
5 6 
6 

175
7 1
0 1 2 
1 2 3 4 
2 3 4 
3 4 
4 5 
5 6 
6 

176
7 1
0 1 2 
1 2 3 4 
2 3 4 
3 4 
4 5 6 
5 6 
6 

177
7 1
0 1 2 
1 2 3 4 
2 3 4 
3 4 5 
4 5 
5 6 
6 

178
7 1
0 1 2 
1 2 3 4 
2 3 4 
3 4 5 
4 5 6 
5 6 
6 

179
7 1
0 1 2 
1 2 3 4 
2 3 4 
3 4 5 6 
4 5 
5 6 
6 

180
7 1
0 1 2 
1 2 3 4 
2 3 4 
3 4 5 6 
4 5 6 
5 6 
6 

181
7 1
0 1 2 
1 2 3 4 
2 3 4 5 
3 4 
4 5 
5 6 
6 

182
7 1
0 1 2 
1 2 3 4 
2 3 4 5 
3 4 
4 5 6 
5 6 
6 

183
7 1
0 1 2 
1 2 3 4 
2 3 4 5 
3 4 5 
4 5 
5 6 
6 

184
7 1
0 1 2 
1 2 3 4 
2 3 4 5 
3 4 5 
4 5 6 
5 6 
6 

185
7 1
0 1 2 
1 2 3 4 
2 3 4 5 
3 4 5 6 
4 5 
5 6 
6 

186
7 1
0 1 2 
1 2 3 4 
2 3 4 5 
3 4 5 6 
4 5 6 
5 6 
6 

187
7 1
0 1 2 
1 2 3 4 
2 3 4 5 6 
3 4 
4 5 
5 6 
6 

188
7 1
0 1 2 
1 2 3 4 
2 3 4 5 6 
3 4 
4 5 6 
5 6 
6 

189
7 1
0 1 2 
1 2 3 4 
2 3 4 5 6 
3 4 5 
4 5 
5 6 
6 

190
7 1
0 1 2 
1 2 3 4 
2 3 4 5 6 
3 4 5 
4 5 6 
5 6 
6 

191
7 1
0 1 2 
1 2 3 4 
2 3 4 5 6 
3 4 5 6 
4 5 
5 6 
6 

192
7 1
0 1 2 
1 2 3 4 
2 3 4 5 6 
3 4 5 6 
4 5 6 
5 6 
6 

193
7 1
0 1 2 
1 2 3 4 5 
2 3 
3 4 
4 5 
5 6 
6 

194
7 1
0 1 2 
1 2 3 4 5 
2 3 
3 4 
4 5 6 
5 6 
6 

195
7 1
0 1 2 
1 2 3 4 5 
2 3 
3 4 5 
4 5 
5 6 
6 

196
7 1
0 1 2 
1 2 3 4 5 
2 3 
3 4 5 
4 5 6 
5 6 
6 

197
7 1
0 1 2 
1 2 3 4 5 
2 3 
3 4 5 6 
4 5 
5 6 
6 

198
7 1
0 1 2 
1 2 3 4 5 
2 3 
3 4 5 6 
4 5 6 
5 6 
6 

199
7 1
0 1 2 
1 2 3 4 5 
2 3 4 
3 4 
4 5 
5 6 
6 

200
7 1
0 1 2 
1 2 3 4 5 
2 3 4 
3 4 
4 5 6 
5 6 
6 

201
7 1
0 1 2 
1 2 3 4 5 
2 3 4 
3 4 5 
4 5 
5 6 
6 

202
7 1
0 1 2 
1 2 3 4 5 
2 3 4 
3 4 5 
4 5 6 
5 6 
6 

203
7 1
0 1 2 
1 2 3 4 5 
2 3 4 
3 4 5 6 
4 5 
5 6 
6 

204
7 1
0 1 2 
1 2 3 4 5 
2 3 4 
3 4 5 6 
4 5 6 
5 6 
6 

205
7 1
0 1 2 
1 2 3 4 5 
2 3 4 5 
3 4 
4 5 
5 6 
6 

206
7 1
0 1 2 
1 2 3 4 5 
2 3 4 5 
3 4 
4 5 6 
5 6 
6 

207
7 1
0 1 2 
1 2 3 4 5 
2 3 4 5 
3 4 5 
4 5 
5 6 
6 

208
7 1
0 1 2 
1 2 3 4 5 
2 3 4 5 
3 4 5 
4 5 6 
5 6 
6 

209
7 1
0 1 2 
1 2 3 4 5 
2 3 4 5 
3 4 5 6 
4 5 
5 6 
6 

210
7 1
0 1 2 
1 2 3 4 5 
2 3 4 5 
3 4 5 6 
4 5 6 
5 6 
6 

211
7 1
0 1 2 
1 2 3 4 5 
2 3 4 5 6 
3 4 
4 5 
5 6 
6 

212
7 1
0 1 2 
1 2 3 4 5 
2 3 4 5 6 
3 4 
4 5 6 
5 6 
6 

213
7 1
0 1 2 
1 2 3 4 5 
2 3 4 5 6 
3 4 5 
4 5 
5 6 
6 

214
7 1
0 1 2 
1 2 3 4 5 
2 3 4 5 6 
3 4 5 
4 5 6 
5 6 
6 

215
7 1
0 1 2 
1 2 3 4 5 
2 3 4 5 6 
3 4 5 6 
4 5 
5 6 
6 

216
7 1
0 1 2 
1 2 3 4 5 
2 3 4 5 6 
3 4 5 6 
4 5 6 
5 6 
6 

217
7 1
0 1 2 
1 2 3 4 5 6 
2 3 
3 4 
4 5 
5 6 
6 

218
7 1
0 1 2 
1 2 3 4 5 6 
2 3 
3 4 
4 5 6 
5 6 
6 

219
7 1
0 1 2 
1 2 3 4 5 6 
2 3 
3 4 5 
4 5 
5 6 
6 

220
7 1
0 1 2 
1 2 3 4 5 6 
2 3 
3 4 5 
4 5 6 
5 6 
6 

221
7 1
0 1 2 
1 2 3 4 5 6 
2 3 
3 4 5 6 
4 5 
5 6 
6 

222
7 1
0 1 2 
1 2 3 4 5 6 
2 3 
3 4 5 6 
4 5 6 
5 6 
6 

223
7 1
0 1 2 
1 2 3 4 5 6 
2 3 4 
3 4 
4 5 
5 6 
6 

224
7 1
0 1 2 
1 2 3 4 5 6 
2 3 4 
3 4 
4 5 6 
5 6 
6 

225
7 1
0 1 2 
1 2 3 4 5 6 
2 3 4 
3 4 5 
4 5 
5 6 
6 

226
7 1
0 1 2 
1 2 3 4 5 6 
2 3 4 
3 4 5 
4 5 6 
5 6 
6 

227
7 1
0 1 2 
1 2 3 4 5 6 
2 3 4 
3 4 5 6 
4 5 
5 6 
6 

228
7 1
0 1 2 
1 2 3 4 5 6 
2 3 4 
3 4 5 6 
4 5 6 
5 6 
6 

229
7 1
0 1 2 
1 2 3 4 5 6 
2 3 4 5 
3 4 
4 5 
5 6 
6 

230
7 1
0 1 2 
1 2 3 4 5 6 
2 3 4 5 
3 4 
4 5 6 
5 6 
6 

231
7 1
0 1 2 
1 2 3 4 5 6 
2 3 4 5 
3 4 5 
4 5 
5 6 
6 

232
7 1
0 1 2 
1 2 3 4 5 6 
2 3 4 5 
3 4 5 
4 5 6 
5 6 
6 

233
7 1
0 1 2 
1 2 3 4 5 6 
2 3 4 5 
3 4 5 6 
4 5 
5 6 
6 

234
7 1
0 1 2 
1 2 3 4 5 6 
2 3 4 5 
3 4 5 6 
4 5 6 
5 6 
6 

235
7 1
0 1 2 
1 2 3 4 5 6 
2 3 4 5 6 
3 4 
4 5 
5 6 
6 

236
7 1
0 1 2 
1 2 3 4 5 6 
2 3 4 5 6 
3 4 
4 5 6 
5 6 
6 

237
7 1
0 1 2 
1 2 3 4 5 6 
2 3 4 5 6 
3 4 5 
4 5 
5 6 
6 

238
7 1
0 1 2 
1 2 3 4 5 6 
2 3 4 5 6 
3 4 5 
4 5 6 
5 6 
6 

239
7 1
0 1 2 
1 2 3 4 5 6 
2 3 4 5 6 
3 4 5 6 
4 5 
5 6 
6 

240
7 1
0 1 2 
1 2 3 4 5 6 
2 3 4 5 6 
3 4 5 6 
4 5 6 
5 6 
6 

241
7 1
0 1 2 3 
1 2 
2 3 
3 4 
4 5 
5 6 
6 

242
7 1
0 1 2 3 
1 2 
2 3 
3 4 
4 5 6 
5 6 
6 

243
7 1
0 1 2 3 
1 2 
2 3 
3 4 5 
4 5 
5 6 
6 

244
7 1
0 1 2 3 
1 2 
2 3 
3 4 5 
4 5 6 
5 6 
6 

245
7 1
0 1 2 3 
1 2 
2 3 
3 4 5 6 
4 5 
5 6 
6 

246
7 1
0 1 2 3 
1 2 
2 3 
3 4 5 6 
4 5 6 
5 6 
6 

247
7 1
0 1 2 3 
1 2 
2 3 4 
3 4 
4 5 
5 6 
6 

248
7 1
0 1 2 3 
1 2 
2 3 4 
3 4 
4 5 6 
5 6 
6 

249
7 1
0 1 2 3 
1 2 
2 3 4 
3 4 5 
4 5 
5 6 
6 

250
7 1
0 1 2 3 
1 2 
2 3 4 
3 4 5 
4 5 6 
5 6 
6 

251
7 1
0 1 2 3 
1 2 
2 3 4 
3 4 5 6 
4 5 
5 6 
6 

252
7 1
0 1 2 3 
1 2 
2 3 4 
3 4 5 6 
4 5 6 
5 6 
6 

253
7 1
0 1 2 3 
1 2 
2 3 4 5 
3 4 
4 5 
5 6 
6 

254
7 1
0 1 2 3 
1 2 
2 3 4 5 
3 4 
4 5 6 
5 6 
6 

255
7 1
0 1 2 3 
1 2 
2 3 4 5 
3 4 5 
4 5 
5 6 
6 

256
7 1
0 1 2 3 
1 2 
2 3 4 5 
3 4 5 
4 5 6 
5 6 
6 

257
7 1
0 1 2 3 
1 2 
2 3 4 5 
3 4 5 6 
4 5 
5 6 
6 

258
7 1
0 1 2 3 
1 2 
2 3 4 5 
3 4 5 6 
4 5 6 
5 6 
6 

259
7 1
0 1 2 3 
1 2 
2 3 4 5 6 
3 4 
4 5 
5 6 
6 

260
7 1
0 1 2 3 
1 2 
2 3 4 5 6 
3 4 
4 5 6 
5 6 
6 

261
7 1
0 1 2 3 
1 2 
2 3 4 5 6 
3 4 5 
4 5 
5 6 
6 

262
7 1
0 1 2 3 
1 2 
2 3 4 5 6 
3 4 5 
4 5 6 
5 6 
6 

263
7 1
0 1 2 3 
1 2 
2 3 4 5 6 
3 4 5 6 
4 5 
5 6 
6 

264
7 1
0 1 2 3 
1 2 
2 3 4 5 6 
3 4 5 6 
4 5 6 
5 6 
6 

265
7 1
0 1 2 3 
1 2 3 
2 3 
3 4 
4 5 
5 6 
6 

266
7 1
0 1 2 3 
1 2 3 
2 3 
3 4 
4 5 6 
5 6 
6 

267
7 1
0 1 2 3 
1 2 3 
2 3 
3 4 5 
4 5 
5 6 
6 

268
7 1
0 1 2 3 
1 2 3 
2 3 
3 4 5 
4 5 6 
5 6 
6 

269
7 1
0 1 2 3 
1 2 3 
2 3 
3 4 5 6 
4 5 
5 6 
6 

270
7 1
0 1 2 3 
1 2 3 
2 3 
3 4 5 6 
4 5 6 
5 6 
6 

271
7 1
0 1 2 3 
1 2 3 
2 3 4 
3 4 
4 5 
5 6 
6 

272
7 1
0 1 2 3 
1 2 3 
2 3 4 
3 4 
4 5 6 
5 6 
6 

273
7 1
0 1 2 3 
1 2 3 
2 3 4 
3 4 5 
4 5 
5 6 
6 

274
7 1
0 1 2 3 
1 2 3 
2 3 4 
3 4 5 
4 5 6 
5 6 
6 

275
7 1
0 1 2 3 
1 2 3 
2 3 4 
3 4 5 6 
4 5 
5 6 
6 

276
7 1
0 1 2 3 
1 2 3 
2 3 4 
3 4 5 6 
4 5 6 
5 6 
6 

277
7 1
0 1 2 3 
1 2 3 
2 3 4 5 
3 4 
4 5 
5 6 
6 

278
7 1
0 1 2 3 
1 2 3 
2 3 4 5 
3 4 
4 5 6 
5 6 
6 

279
7 1
0 1 2 3 
1 2 3 
2 3 4 5 
3 4 5 
4 5 
5 6 
6 

280
7 1
0 1 2 3 
1 2 3 
2 3 4 5 
3 4 5 
4 5 6 
5 6 
6 

281
7 1
0 1 2 3 
1 2 3 
2 3 4 5 
3 4 5 6 
4 5 
5 6 
6 

282
7 1
0 1 2 3 
1 2 3 
2 3 4 5 
3 4 5 6 
4 5 6 
5 6 
6 

283
7 1
0 1 2 3 
1 2 3 
2 3 4 5 6 
3 4 
4 5 
5 6 
6 

284
7 1
0 1 2 3 
1 2 3 
2 3 4 5 6 
3 4 
4 5 6 
5 6 
6 

285
7 1
0 1 2 3 
1 2 3 
2 3 4 5 6 
3 4 5 
4 5 
5 6 
6 

286
7 1
0 1 2 3 
1 2 3 
2 3 4 5 6 
3 4 5 
4 5 6 
5 6 
6 

287
7 1
0 1 2 3 
1 2 3 
2 3 4 5 6 
3 4 5 6 
4 5 
5 6 
6 

288
7 1
0 1 2 3 
1 2 3 
2 3 4 5 6 
3 4 5 6 
4 5 6 
5 6 
6 

289
7 1
0 1 2 3 
1 2 3 4 
2 3 
3 4 
4 5 
5 6 
6 

290
7 1
0 1 2 3 
1 2 3 4 
2 3 
3 4 
4 5 6 
5 6 
6 

291
7 1
0 1 2 3 
1 2 3 4 
2 3 
3 4 5 
4 5 
5 6 
6 

292
7 1
0 1 2 3 
1 2 3 4 
2 3 
3 4 5 
4 5 6 
5 6 
6 

293
7 1
0 1 2 3 
1 2 3 4 
2 3 
3 4 5 6 
4 5 
5 6 
6 

294
7 1
0 1 2 3 
1 2 3 4 
2 3 
3 4 5 6 
4 5 6 
5 6 
6 

295
7 1
0 1 2 3 
1 2 3 4 
2 3 4 
3 4 
4 5 
5 6 
6 

296
7 1
0 1 2 3 
1 2 3 4 
2 3 4 
3 4 
4 5 6 
5 6 
6 

297
7 1
0 1 2 3 
1 2 3 4 
2 3 4 
3 4 5 
4 5 
5 6 
6 

298
7 1
0 1 2 3 
1 2 3 4 
2 3 4 
3 4 5 
4 5 6 
5 6 
6 

299
7 1
0 1 2 3 
1 2 3 4 
2 3 4 
3 4 5 6 
4 5 
5 6 
6 

300
7 1
0 1 2 3 
1 2 3 4 
2 3 4 
3 4 5 6 
4 5 6 
5 6 
6 

301
7 1
0 1 2 3 
1 2 3 4 
2 3 4 5 
3 4 
4 5 
5 6 
6 

302
7 1
0 1 2 3 
1 2 3 4 
2 3 4 5 
3 4 
4 5 6 
5 6 
6 

303
7 1
0 1 2 3 
1 2 3 4 
2 3 4 5 
3 4 5 
4 5 
5 6 
6 

304
7 1
0 1 2 3 
1 2 3 4 
2 3 4 5 
3 4 5 
4 5 6 
5 6 
6 

305
7 1
0 1 2 3 
1 2 3 4 
2 3 4 5 
3 4 5 6 
4 5 
5 6 
6 

306
7 1
0 1 2 3 
1 2 3 4 
2 3 4 5 
3 4 5 6 
4 5 6 
5 6 
6 

307
7 1
0 1 2 3 
1 2 3 4 
2 3 4 5 6 
3 4 
4 5 
5 6 
6 

308
7 1
0 1 2 3 
1 2 3 4 
2 3 4 5 6 
3 4 
4 5 6 
5 6 
6 

309
7 1
0 1 2 3 
1 2 3 4 
2 3 4 5 6 
3 4 5 
4 5 
5 6 
6 

310
7 1
0 1 2 3 
1 2 3 4 
2 3 4 5 6 
3 4 5 
4 5 6 
5 6 
6 

311
7 1
0 1 2 3 
1 2 3 4 
2 3 4 5 6 
3 4 5 6 
4 5 
5 6 
6 

312
7 1
0 1 2 3 
1 2 3 4 
2 3 4 5 6 
3 4 5 6 
4 5 6 
5 6 
6 

313
7 1
0 1 2 3 
1 2 3 4 5 
2 3 
3 4 
4 5 
5 6 
6 

314
7 1
0 1 2 3 
1 2 3 4 5 
2 3 
3 4 
4 5 6 
5 6 
6 

315
7 1
0 1 2 3 
1 2 3 4 5 
2 3 
3 4 5 
4 5 
5 6 
6 

316
7 1
0 1 2 3 
1 2 3 4 5 
2 3 
3 4 5 
4 5 6 
5 6 
6 

317
7 1
0 1 2 3 
1 2 3 4 5 
2 3 
3 4 5 6 
4 5 
5 6 
6 

318
7 1
0 1 2 3 
1 2 3 4 5 
2 3 
3 4 5 6 
4 5 6 
5 6 
6 

319
7 1
0 1 2 3 
1 2 3 4 5 
2 3 4 
3 4 
4 5 
5 6 
6 

320
7 1
0 1 2 3 
1 2 3 4 5 
2 3 4 
3 4 
4 5 6 
5 6 
6 

321
7 1
0 1 2 3 
1 2 3 4 5 
2 3 4 
3 4 5 
4 5 
5 6 
6 

322
7 1
0 1 2 3 
1 2 3 4 5 
2 3 4 
3 4 5 
4 5 6 
5 6 
6 

323
7 1
0 1 2 3 
1 2 3 4 5 
2 3 4 
3 4 5 6 
4 5 
5 6 
6 

324
7 1
0 1 2 3 
1 2 3 4 5 
2 3 4 
3 4 5 6 
4 5 6 
5 6 
6 

325
7 1
0 1 2 3 
1 2 3 4 5 
2 3 4 5 
3 4 
4 5 
5 6 
6 

326
7 1
0 1 2 3 
1 2 3 4 5 
2 3 4 5 
3 4 
4 5 6 
5 6 
6 

327
7 1
0 1 2 3 
1 2 3 4 5 
2 3 4 5 
3 4 5 
4 5 
5 6 
6 

328
7 1
0 1 2 3 
1 2 3 4 5 
2 3 4 5 
3 4 5 
4 5 6 
5 6 
6 

329
7 1
0 1 2 3 
1 2 3 4 5 
2 3 4 5 
3 4 5 6 
4 5 
5 6 
6 

330
7 1
0 1 2 3 
1 2 3 4 5 
2 3 4 5 
3 4 5 6 
4 5 6 
5 6 
6 

331
7 1
0 1 2 3 
1 2 3 4 5 
2 3 4 5 6 
3 4 
4 5 
5 6 
6 

332
7 1
0 1 2 3 
1 2 3 4 5 
2 3 4 5 6 
3 4 
4 5 6 
5 6 
6 

333
7 1
0 1 2 3 
1 2 3 4 5 
2 3 4 5 6 
3 4 5 
4 5 
5 6 
6 

334
7 1
0 1 2 3 
1 2 3 4 5 
2 3 4 5 6 
3 4 5 
4 5 6 
5 6 
6 

335
7 1
0 1 2 3 
1 2 3 4 5 
2 3 4 5 6 
3 4 5 6 
4 5 
5 6 
6 

336
7 1
0 1 2 3 
1 2 3 4 5 
2 3 4 5 6 
3 4 5 6 
4 5 6 
5 6 
6 

337
7 1
0 1 2 3 
1 2 3 4 5 6 
2 3 
3 4 
4 5 
5 6 
6 

338
7 1
0 1 2 3 
1 2 3 4 5 6 
2 3 
3 4 
4 5 6 
5 6 
6 

339
7 1
0 1 2 3 
1 2 3 4 5 6 
2 3 
3 4 5 
4 5 
5 6 
6 

340
7 1
0 1 2 3 
1 2 3 4 5 6 
2 3 
3 4 5 
4 5 6 
5 6 
6 

341
7 1
0 1 2 3 
1 2 3 4 5 6 
2 3 
3 4 5 6 
4 5 
5 6 
6 

342
7 1
0 1 2 3 
1 2 3 4 5 6 
2 3 
3 4 5 6 
4 5 6 
5 6 
6 

343
7 1
0 1 2 3 
1 2 3 4 5 6 
2 3 4 
3 4 
4 5 
5 6 
6 

344
7 1
0 1 2 3 
1 2 3 4 5 6 
2 3 4 
3 4 
4 5 6 
5 6 
6 

345
7 1
0 1 2 3 
1 2 3 4 5 6 
2 3 4 
3 4 5 
4 5 
5 6 
6 

346
7 1
0 1 2 3 
1 2 3 4 5 6 
2 3 4 
3 4 5 
4 5 6 
5 6 
6 

347
7 1
0 1 2 3 
1 2 3 4 5 6 
2 3 4 
3 4 5 6 
4 5 
5 6 
6 

348
7 1
0 1 2 3 
1 2 3 4 5 6 
2 3 4 
3 4 5 6 
4 5 6 
5 6 
6 

349
7 1
0 1 2 3 
1 2 3 4 5 6 
2 3 4 5 
3 4 
4 5 
5 6 
6 

350
7 1
0 1 2 3 
1 2 3 4 5 6 
2 3 4 5 
3 4 
4 5 6 
5 6 
6 

351
7 1
0 1 2 3 
1 2 3 4 5 6 
2 3 4 5 
3 4 5 
4 5 
5 6 
6 

352
7 1
0 1 2 3 
1 2 3 4 5 6 
2 3 4 5 
3 4 5 
4 5 6 
5 6 
6 

353
7 1
0 1 2 3 
1 2 3 4 5 6 
2 3 4 5 
3 4 5 6 
4 5 
5 6 
6 

354
7 1
0 1 2 3 
1 2 3 4 5 6 
2 3 4 5 
3 4 5 6 
4 5 6 
5 6 
6 

355
7 1
0 1 2 3 
1 2 3 4 5 6 
2 3 4 5 6 
3 4 
4 5 
5 6 
6 

356
7 1
0 1 2 3 
1 2 3 4 5 6 
2 3 4 5 6 
3 4 
4 5 6 
5 6 
6 

357
7 1
0 1 2 3 
1 2 3 4 5 6 
2 3 4 5 6 
3 4 5 
4 5 
5 6 
6 

358
7 1
0 1 2 3 
1 2 3 4 5 6 
2 3 4 5 6 
3 4 5 
4 5 6 
5 6 
6 

359
7 1
0 1 2 3 
1 2 3 4 5 6 
2 3 4 5 6 
3 4 5 6 
4 5 
5 6 
6 

360
7 1
0 1 2 3 
1 2 3 4 5 6 
2 3 4 5 6 
3 4 5 6 
4 5 6 
5 6 
6 

361
7 1
0 1 2 3 4 
1 2 
2 3 
3 4 
4 5 
5 6 
6 

362
7 1
0 1 2 3 4 
1 2 
2 3 
3 4 
4 5 6 
5 6 
6 

363
7 1
0 1 2 3 4 
1 2 
2 3 
3 4 5 
4 5 
5 6 
6 

364
7 1
0 1 2 3 4 
1 2 
2 3 
3 4 5 
4 5 6 
5 6 
6 

365
7 1
0 1 2 3 4 
1 2 
2 3 
3 4 5 6 
4 5 
5 6 
6 

366
7 1
0 1 2 3 4 
1 2 
2 3 
3 4 5 6 
4 5 6 
5 6 
6 

367
7 1
0 1 2 3 4 
1 2 
2 3 4 
3 4 
4 5 
5 6 
6 

368
7 1
0 1 2 3 4 
1 2 
2 3 4 
3 4 
4 5 6 
5 6 
6 

369
7 1
0 1 2 3 4 
1 2 
2 3 4 
3 4 5 
4 5 
5 6 
6 

370
7 1
0 1 2 3 4 
1 2 
2 3 4 
3 4 5 
4 5 6 
5 6 
6 

371
7 1
0 1 2 3 4 
1 2 
2 3 4 
3 4 5 6 
4 5 
5 6 
6 

372
7 1
0 1 2 3 4 
1 2 
2 3 4 
3 4 5 6 
4 5 6 
5 6 
6 

373
7 1
0 1 2 3 4 
1 2 
2 3 4 5 
3 4 
4 5 
5 6 
6 

374
7 1
0 1 2 3 4 
1 2 
2 3 4 5 
3 4 
4 5 6 
5 6 
6 

375
7 1
0 1 2 3 4 
1 2 
2 3 4 5 
3 4 5 
4 5 
5 6 
6 

376
7 1
0 1 2 3 4 
1 2 
2 3 4 5 
3 4 5 
4 5 6 
5 6 
6 

377
7 1
0 1 2 3 4 
1 2 
2 3 4 5 
3 4 5 6 
4 5 
5 6 
6 

378
7 1
0 1 2 3 4 
1 2 
2 3 4 5 
3 4 5 6 
4 5 6 
5 6 
6 

379
7 1
0 1 2 3 4 
1 2 
2 3 4 5 6 
3 4 
4 5 
5 6 
6 

380
7 1
0 1 2 3 4 
1 2 
2 3 4 5 6 
3 4 
4 5 6 
5 6 
6 

381
7 1
0 1 2 3 4 
1 2 
2 3 4 5 6 
3 4 5 
4 5 
5 6 
6 

382
7 1
0 1 2 3 4 
1 2 
2 3 4 5 6 
3 4 5 
4 5 6 
5 6 
6 

383
7 1
0 1 2 3 4 
1 2 
2 3 4 5 6 
3 4 5 6 
4 5 
5 6 
6 

384
7 1
0 1 2 3 4 
1 2 
2 3 4 5 6 
3 4 5 6 
4 5 6 
5 6 
6 

385
7 1
0 1 2 3 4 
1 2 3 
2 3 
3 4 
4 5 
5 6 
6 

386
7 1
0 1 2 3 4 
1 2 3 
2 3 
3 4 
4 5 6 
5 6 
6 

387
7 1
0 1 2 3 4 
1 2 3 
2 3 
3 4 5 
4 5 
5 6 
6 

388
7 1
0 1 2 3 4 
1 2 3 
2 3 
3 4 5 
4 5 6 
5 6 
6 

389
7 1
0 1 2 3 4 
1 2 3 
2 3 
3 4 5 6 
4 5 
5 6 
6 

390
7 1
0 1 2 3 4 
1 2 3 
2 3 
3 4 5 6 
4 5 6 
5 6 
6 

391
7 1
0 1 2 3 4 
1 2 3 
2 3 4 
3 4 
4 5 
5 6 
6 

392
7 1
0 1 2 3 4 
1 2 3 
2 3 4 
3 4 
4 5 6 
5 6 
6 

393
7 1
0 1 2 3 4 
1 2 3 
2 3 4 
3 4 5 
4 5 
5 6 
6 

394
7 1
0 1 2 3 4 
1 2 3 
2 3 4 
3 4 5 
4 5 6 
5 6 
6 

395
7 1
0 1 2 3 4 
1 2 3 
2 3 4 
3 4 5 6 
4 5 
5 6 
6 

396
7 1
0 1 2 3 4 
1 2 3 
2 3 4 
3 4 5 6 
4 5 6 
5 6 
6 

397
7 1
0 1 2 3 4 
1 2 3 
2 3 4 5 
3 4 
4 5 
5 6 
6 

398
7 1
0 1 2 3 4 
1 2 3 
2 3 4 5 
3 4 
4 5 6 
5 6 
6 

399
7 1
0 1 2 3 4 
1 2 3 
2 3 4 5 
3 4 5 
4 5 
5 6 
6 

400
7 1
0 1 2 3 4 
1 2 3 
2 3 4 5 
3 4 5 
4 5 6 
5 6 
6 

401
7 1
0 1 2 3 4 
1 2 3 
2 3 4 5 
3 4 5 6 
4 5 
5 6 
6 

402
7 1
0 1 2 3 4 
1 2 3 
2 3 4 5 
3 4 5 6 
4 5 6 
5 6 
6 

403
7 1
0 1 2 3 4 
1 2 3 
2 3 4 5 6 
3 4 
4 5 
5 6 
6 

404
7 1
0 1 2 3 4 
1 2 3 
2 3 4 5 6 
3 4 
4 5 6 
5 6 
6 

405
7 1
0 1 2 3 4 
1 2 3 
2 3 4 5 6 
3 4 5 
4 5 
5 6 
6 

406
7 1
0 1 2 3 4 
1 2 3 
2 3 4 5 6 
3 4 5 
4 5 6 
5 6 
6 

407
7 1
0 1 2 3 4 
1 2 3 
2 3 4 5 6 
3 4 5 6 
4 5 
5 6 
6 

408
7 1
0 1 2 3 4 
1 2 3 
2 3 4 5 6 
3 4 5 6 
4 5 6 
5 6 
6 

409
7 1
0 1 2 3 4 
1 2 3 4 
2 3 
3 4 
4 5 
5 6 
6 

410
7 1
0 1 2 3 4 
1 2 3 4 
2 3 
3 4 
4 5 6 
5 6 
6 

411
7 1
0 1 2 3 4 
1 2 3 4 
2 3 
3 4 5 
4 5 
5 6 
6 

412
7 1
0 1 2 3 4 
1 2 3 4 
2 3 
3 4 5 
4 5 6 
5 6 
6 

413
7 1
0 1 2 3 4 
1 2 3 4 
2 3 
3 4 5 6 
4 5 
5 6 
6 

414
7 1
0 1 2 3 4 
1 2 3 4 
2 3 
3 4 5 6 
4 5 6 
5 6 
6 

415
7 1
0 1 2 3 4 
1 2 3 4 
2 3 4 
3 4 
4 5 
5 6 
6 

416
7 1
0 1 2 3 4 
1 2 3 4 
2 3 4 
3 4 
4 5 6 
5 6 
6 

417
7 1
0 1 2 3 4 
1 2 3 4 
2 3 4 
3 4 5 
4 5 
5 6 
6 

418
7 1
0 1 2 3 4 
1 2 3 4 
2 3 4 
3 4 5 
4 5 6 
5 6 
6 

419
7 1
0 1 2 3 4 
1 2 3 4 
2 3 4 
3 4 5 6 
4 5 
5 6 
6 

420
7 1
0 1 2 3 4 
1 2 3 4 
2 3 4 
3 4 5 6 
4 5 6 
5 6 
6 

421
7 1
0 1 2 3 4 
1 2 3 4 
2 3 4 5 
3 4 
4 5 
5 6 
6 

422
7 1
0 1 2 3 4 
1 2 3 4 
2 3 4 5 
3 4 
4 5 6 
5 6 
6 

423
7 1
0 1 2 3 4 
1 2 3 4 
2 3 4 5 
3 4 5 
4 5 
5 6 
6 

424
7 1
0 1 2 3 4 
1 2 3 4 
2 3 4 5 
3 4 5 
4 5 6 
5 6 
6 

425
7 1
0 1 2 3 4 
1 2 3 4 
2 3 4 5 
3 4 5 6 
4 5 
5 6 
6 

426
7 1
0 1 2 3 4 
1 2 3 4 
2 3 4 5 
3 4 5 6 
4 5 6 
5 6 
6 

427
7 1
0 1 2 3 4 
1 2 3 4 
2 3 4 5 6 
3 4 
4 5 
5 6 
6 

428
7 1
0 1 2 3 4 
1 2 3 4 
2 3 4 5 6 
3 4 
4 5 6 
5 6 
6 

429
7 1
0 1 2 3 4 
1 2 3 4 
2 3 4 5 6 
3 4 5 
4 5 
5 6 
6 

430
7 1
0 1 2 3 4 
1 2 3 4 
2 3 4 5 6 
3 4 5 
4 5 6 
5 6 
6 

431
7 1
0 1 2 3 4 
1 2 3 4 
2 3 4 5 6 
3 4 5 6 
4 5 
5 6 
6 

432
7 1
0 1 2 3 4 
1 2 3 4 
2 3 4 5 6 
3 4 5 6 
4 5 6 
5 6 
6 

433
7 1
0 1 2 3 4 
1 2 3 4 5 
2 3 
3 4 
4 5 
5 6 
6 

434
7 1
0 1 2 3 4 
1 2 3 4 5 
2 3 
3 4 
4 5 6 
5 6 
6 

435
7 1
0 1 2 3 4 
1 2 3 4 5 
2 3 
3 4 5 
4 5 
5 6 
6 

436
7 1
0 1 2 3 4 
1 2 3 4 5 
2 3 
3 4 5 
4 5 6 
5 6 
6 

437
7 1
0 1 2 3 4 
1 2 3 4 5 
2 3 
3 4 5 6 
4 5 
5 6 
6 

438
7 1
0 1 2 3 4 
1 2 3 4 5 
2 3 
3 4 5 6 
4 5 6 
5 6 
6 

439
7 1
0 1 2 3 4 
1 2 3 4 5 
2 3 4 
3 4 
4 5 
5 6 
6 

440
7 1
0 1 2 3 4 
1 2 3 4 5 
2 3 4 
3 4 
4 5 6 
5 6 
6 

441
7 1
0 1 2 3 4 
1 2 3 4 5 
2 3 4 
3 4 5 
4 5 
5 6 
6 

442
7 1
0 1 2 3 4 
1 2 3 4 5 
2 3 4 
3 4 5 
4 5 6 
5 6 
6 

443
7 1
0 1 2 3 4 
1 2 3 4 5 
2 3 4 
3 4 5 6 
4 5 
5 6 
6 

444
7 1
0 1 2 3 4 
1 2 3 4 5 
2 3 4 
3 4 5 6 
4 5 6 
5 6 
6 

445
7 1
0 1 2 3 4 
1 2 3 4 5 
2 3 4 5 
3 4 
4 5 
5 6 
6 

446
7 1
0 1 2 3 4 
1 2 3 4 5 
2 3 4 5 
3 4 
4 5 6 
5 6 
6 

447
7 1
0 1 2 3 4 
1 2 3 4 5 
2 3 4 5 
3 4 5 
4 5 
5 6 
6 

448
7 1
0 1 2 3 4 
1 2 3 4 5 
2 3 4 5 
3 4 5 
4 5 6 
5 6 
6 

449
7 1
0 1 2 3 4 
1 2 3 4 5 
2 3 4 5 
3 4 5 6 
4 5 
5 6 
6 

450
7 1
0 1 2 3 4 
1 2 3 4 5 
2 3 4 5 
3 4 5 6 
4 5 6 
5 6 
6 

451
7 1
0 1 2 3 4 
1 2 3 4 5 
2 3 4 5 6 
3 4 
4 5 
5 6 
6 

452
7 1
0 1 2 3 4 
1 2 3 4 5 
2 3 4 5 6 
3 4 
4 5 6 
5 6 
6 

453
7 1
0 1 2 3 4 
1 2 3 4 5 
2 3 4 5 6 
3 4 5 
4 5 
5 6 
6 

454
7 1
0 1 2 3 4 
1 2 3 4 5 
2 3 4 5 6 
3 4 5 
4 5 6 
5 6 
6 

455
7 1
0 1 2 3 4 
1 2 3 4 5 
2 3 4 5 6 
3 4 5 6 
4 5 
5 6 
6 

456
7 1
0 1 2 3 4 
1 2 3 4 5 
2 3 4 5 6 
3 4 5 6 
4 5 6 
5 6 
6 

457
7 1
0 1 2 3 4 
1 2 3 4 5 6 
2 3 
3 4 
4 5 
5 6 
6 

458
7 1
0 1 2 3 4 
1 2 3 4 5 6 
2 3 
3 4 
4 5 6 
5 6 
6 

459
7 1
0 1 2 3 4 
1 2 3 4 5 6 
2 3 
3 4 5 
4 5 
5 6 
6 

460
7 1
0 1 2 3 4 
1 2 3 4 5 6 
2 3 
3 4 5 
4 5 6 
5 6 
6 

461
7 1
0 1 2 3 4 
1 2 3 4 5 6 
2 3 
3 4 5 6 
4 5 
5 6 
6 

462
7 1
0 1 2 3 4 
1 2 3 4 5 6 
2 3 
3 4 5 6 
4 5 6 
5 6 
6 

463
7 1
0 1 2 3 4 
1 2 3 4 5 6 
2 3 4 
3 4 
4 5 
5 6 
6 

464
7 1
0 1 2 3 4 
1 2 3 4 5 6 
2 3 4 
3 4 
4 5 6 
5 6 
6 

465
7 1
0 1 2 3 4 
1 2 3 4 5 6 
2 3 4 
3 4 5 
4 5 
5 6 
6 

466
7 1
0 1 2 3 4 
1 2 3 4 5 6 
2 3 4 
3 4 5 
4 5 6 
5 6 
6 

467
7 1
0 1 2 3 4 
1 2 3 4 5 6 
2 3 4 
3 4 5 6 
4 5 
5 6 
6 

468
7 1
0 1 2 3 4 
1 2 3 4 5 6 
2 3 4 
3 4 5 6 
4 5 6 
5 6 
6 

469
7 1
0 1 2 3 4 
1 2 3 4 5 6 
2 3 4 5 
3 4 
4 5 
5 6 
6 

470
7 1
0 1 2 3 4 
1 2 3 4 5 6 
2 3 4 5 
3 4 
4 5 6 
5 6 
6 

471
7 1
0 1 2 3 4 
1 2 3 4 5 6 
2 3 4 5 
3 4 5 
4 5 
5 6 
6 

472
7 1
0 1 2 3 4 
1 2 3 4 5 6 
2 3 4 5 
3 4 5 
4 5 6 
5 6 
6 

473
7 1
0 1 2 3 4 
1 2 3 4 5 6 
2 3 4 5 
3 4 5 6 
4 5 
5 6 
6 

474
7 1
0 1 2 3 4 
1 2 3 4 5 6 
2 3 4 5 
3 4 5 6 
4 5 6 
5 6 
6 

475
7 1
0 1 2 3 4 
1 2 3 4 5 6 
2 3 4 5 6 
3 4 
4 5 
5 6 
6 

476
7 1
0 1 2 3 4 
1 2 3 4 5 6 
2 3 4 5 6 
3 4 
4 5 6 
5 6 
6 

477
7 1
0 1 2 3 4 
1 2 3 4 5 6 
2 3 4 5 6 
3 4 5 
4 5 
5 6 
6 

478
7 1
0 1 2 3 4 
1 2 3 4 5 6 
2 3 4 5 6 
3 4 5 
4 5 6 
5 6 
6 

479
7 1
0 1 2 3 4 
1 2 3 4 5 6 
2 3 4 5 6 
3 4 5 6 
4 5 
5 6 
6 

480
7 1
0 1 2 3 4 
1 2 3 4 5 6 
2 3 4 5 6 
3 4 5 6 
4 5 6 
5 6 
6 

481
7 1
0 1 2 3 4 5 
1 2 
2 3 
3 4 
4 5 
5 6 
6 

482
7 1
0 1 2 3 4 5 
1 2 
2 3 
3 4 
4 5 6 
5 6 
6 

483
7 1
0 1 2 3 4 5 
1 2 
2 3 
3 4 5 
4 5 
5 6 
6 

484
7 1
0 1 2 3 4 5 
1 2 
2 3 
3 4 5 
4 5 6 
5 6 
6 

485
7 1
0 1 2 3 4 5 
1 2 
2 3 
3 4 5 6 
4 5 
5 6 
6 

486
7 1
0 1 2 3 4 5 
1 2 
2 3 
3 4 5 6 
4 5 6 
5 6 
6 

487
7 1
0 1 2 3 4 5 
1 2 
2 3 4 
3 4 
4 5 
5 6 
6 

488
7 1
0 1 2 3 4 5 
1 2 
2 3 4 
3 4 
4 5 6 
5 6 
6 

489
7 1
0 1 2 3 4 5 
1 2 
2 3 4 
3 4 5 
4 5 
5 6 
6 

490
7 1
0 1 2 3 4 5 
1 2 
2 3 4 
3 4 5 
4 5 6 
5 6 
6 

491
7 1
0 1 2 3 4 5 
1 2 
2 3 4 
3 4 5 6 
4 5 
5 6 
6 

492
7 1
0 1 2 3 4 5 
1 2 
2 3 4 
3 4 5 6 
4 5 6 
5 6 
6 

493
7 1
0 1 2 3 4 5 
1 2 
2 3 4 5 
3 4 
4 5 
5 6 
6 

494
7 1
0 1 2 3 4 5 
1 2 
2 3 4 5 
3 4 
4 5 6 
5 6 
6 

495
7 1
0 1 2 3 4 5 
1 2 
2 3 4 5 
3 4 5 
4 5 
5 6 
6 

496
7 1
0 1 2 3 4 5 
1 2 
2 3 4 5 
3 4 5 
4 5 6 
5 6 
6 

497
7 1
0 1 2 3 4 5 
1 2 
2 3 4 5 
3 4 5 6 
4 5 
5 6 
6 

498
7 1
0 1 2 3 4 5 
1 2 
2 3 4 5 
3 4 5 6 
4 5 6 
5 6 
6 

499
7 1
0 1 2 3 4 5 
1 2 
2 3 4 5 6 
3 4 
4 5 
5 6 
6 

500
7 1
0 1 2 3 4 5 
1 2 
2 3 4 5 6 
3 4 
4 5 6 
5 6 
6 

501
7 1
0 1 2 3 4 5 
1 2 
2 3 4 5 6 
3 4 5 
4 5 
5 6 
6 

502
7 1
0 1 2 3 4 5 
1 2 
2 3 4 5 6 
3 4 5 
4 5 6 
5 6 
6 

503
7 1
0 1 2 3 4 5 
1 2 
2 3 4 5 6 
3 4 5 6 
4 5 
5 6 
6 

504
7 1
0 1 2 3 4 5 
1 2 
2 3 4 5 6 
3 4 5 6 
4 5 6 
5 6 
6 

505
7 1
0 1 2 3 4 5 
1 2 3 
2 3 
3 4 
4 5 
5 6 
6 

506
7 1
0 1 2 3 4 5 
1 2 3 
2 3 
3 4 
4 5 6 
5 6 
6 

507
7 1
0 1 2 3 4 5 
1 2 3 
2 3 
3 4 5 
4 5 
5 6 
6 

508
7 1
0 1 2 3 4 5 
1 2 3 
2 3 
3 4 5 
4 5 6 
5 6 
6 

509
7 1
0 1 2 3 4 5 
1 2 3 
2 3 
3 4 5 6 
4 5 
5 6 
6 

510
7 1
0 1 2 3 4 5 
1 2 3 
2 3 
3 4 5 6 
4 5 6 
5 6 
6 

511
7 1
0 1 2 3 4 5 
1 2 3 
2 3 4 
3 4 
4 5 
5 6 
6 

512
7 1
0 1 2 3 4 5 
1 2 3 
2 3 4 
3 4 
4 5 6 
5 6 
6 

513
7 1
0 1 2 3 4 5 
1 2 3 
2 3 4 
3 4 5 
4 5 
5 6 
6 

514
7 1
0 1 2 3 4 5 
1 2 3 
2 3 4 
3 4 5 
4 5 6 
5 6 
6 

515
7 1
0 1 2 3 4 5 
1 2 3 
2 3 4 
3 4 5 6 
4 5 
5 6 
6 

516
7 1
0 1 2 3 4 5 
1 2 3 
2 3 4 
3 4 5 6 
4 5 6 
5 6 
6 

517
7 1
0 1 2 3 4 5 
1 2 3 
2 3 4 5 
3 4 
4 5 
5 6 
6 

518
7 1
0 1 2 3 4 5 
1 2 3 
2 3 4 5 
3 4 
4 5 6 
5 6 
6 

519
7 1
0 1 2 3 4 5 
1 2 3 
2 3 4 5 
3 4 5 
4 5 
5 6 
6 

520
7 1
0 1 2 3 4 5 
1 2 3 
2 3 4 5 
3 4 5 
4 5 6 
5 6 
6 

521
7 1
0 1 2 3 4 5 
1 2 3 
2 3 4 5 
3 4 5 6 
4 5 
5 6 
6 

522
7 1
0 1 2 3 4 5 
1 2 3 
2 3 4 5 
3 4 5 6 
4 5 6 
5 6 
6 

523
7 1
0 1 2 3 4 5 
1 2 3 
2 3 4 5 6 
3 4 
4 5 
5 6 
6 

524
7 1
0 1 2 3 4 5 
1 2 3 
2 3 4 5 6 
3 4 
4 5 6 
5 6 
6 

525
7 1
0 1 2 3 4 5 
1 2 3 
2 3 4 5 6 
3 4 5 
4 5 
5 6 
6 

526
7 1
0 1 2 3 4 5 
1 2 3 
2 3 4 5 6 
3 4 5 
4 5 6 
5 6 
6 

527
7 1
0 1 2 3 4 5 
1 2 3 
2 3 4 5 6 
3 4 5 6 
4 5 
5 6 
6 

528
7 1
0 1 2 3 4 5 
1 2 3 
2 3 4 5 6 
3 4 5 6 
4 5 6 
5 6 
6 

529
7 1
0 1 2 3 4 5 
1 2 3 4 
2 3 
3 4 
4 5 
5 6 
6 

530
7 1
0 1 2 3 4 5 
1 2 3 4 
2 3 
3 4 
4 5 6 
5 6 
6 

531
7 1
0 1 2 3 4 5 
1 2 3 4 
2 3 
3 4 5 
4 5 
5 6 
6 

532
7 1
0 1 2 3 4 5 
1 2 3 4 
2 3 
3 4 5 
4 5 6 
5 6 
6 

533
7 1
0 1 2 3 4 5 
1 2 3 4 
2 3 
3 4 5 6 
4 5 
5 6 
6 

534
7 1
0 1 2 3 4 5 
1 2 3 4 
2 3 
3 4 5 6 
4 5 6 
5 6 
6 

535
7 1
0 1 2 3 4 5 
1 2 3 4 
2 3 4 
3 4 
4 5 
5 6 
6 

536
7 1
0 1 2 3 4 5 
1 2 3 4 
2 3 4 
3 4 
4 5 6 
5 6 
6 

537
7 1
0 1 2 3 4 5 
1 2 3 4 
2 3 4 
3 4 5 
4 5 
5 6 
6 

538
7 1
0 1 2 3 4 5 
1 2 3 4 
2 3 4 
3 4 5 
4 5 6 
5 6 
6 

539
7 1
0 1 2 3 4 5 
1 2 3 4 
2 3 4 
3 4 5 6 
4 5 
5 6 
6 

540
7 1
0 1 2 3 4 5 
1 2 3 4 
2 3 4 
3 4 5 6 
4 5 6 
5 6 
6 

541
7 1
0 1 2 3 4 5 
1 2 3 4 
2 3 4 5 
3 4 
4 5 
5 6 
6 

542
7 1
0 1 2 3 4 5 
1 2 3 4 
2 3 4 5 
3 4 
4 5 6 
5 6 
6 

543
7 1
0 1 2 3 4 5 
1 2 3 4 
2 3 4 5 
3 4 5 
4 5 
5 6 
6 

544
7 1
0 1 2 3 4 5 
1 2 3 4 
2 3 4 5 
3 4 5 
4 5 6 
5 6 
6 

545
7 1
0 1 2 3 4 5 
1 2 3 4 
2 3 4 5 
3 4 5 6 
4 5 
5 6 
6 

546
7 1
0 1 2 3 4 5 
1 2 3 4 
2 3 4 5 
3 4 5 6 
4 5 6 
5 6 
6 

547
7 1
0 1 2 3 4 5 
1 2 3 4 
2 3 4 5 6 
3 4 
4 5 
5 6 
6 

548
7 1
0 1 2 3 4 5 
1 2 3 4 
2 3 4 5 6 
3 4 
4 5 6 
5 6 
6 

549
7 1
0 1 2 3 4 5 
1 2 3 4 
2 3 4 5 6 
3 4 5 
4 5 
5 6 
6 

550
7 1
0 1 2 3 4 5 
1 2 3 4 
2 3 4 5 6 
3 4 5 
4 5 6 
5 6 
6 

551
7 1
0 1 2 3 4 5 
1 2 3 4 
2 3 4 5 6 
3 4 5 6 
4 5 
5 6 
6 

552
7 1
0 1 2 3 4 5 
1 2 3 4 
2 3 4 5 6 
3 4 5 6 
4 5 6 
5 6 
6 

553
7 1
0 1 2 3 4 5 
1 2 3 4 5 
2 3 
3 4 
4 5 
5 6 
6 

554
7 1
0 1 2 3 4 5 
1 2 3 4 5 
2 3 
3 4 
4 5 6 
5 6 
6 

555
7 1
0 1 2 3 4 5 
1 2 3 4 5 
2 3 
3 4 5 
4 5 
5 6 
6 

556
7 1
0 1 2 3 4 5 
1 2 3 4 5 
2 3 
3 4 5 
4 5 6 
5 6 
6 

557
7 1
0 1 2 3 4 5 
1 2 3 4 5 
2 3 
3 4 5 6 
4 5 
5 6 
6 

558
7 1
0 1 2 3 4 5 
1 2 3 4 5 
2 3 
3 4 5 6 
4 5 6 
5 6 
6 

559
7 1
0 1 2 3 4 5 
1 2 3 4 5 
2 3 4 
3 4 
4 5 
5 6 
6 

560
7 1
0 1 2 3 4 5 
1 2 3 4 5 
2 3 4 
3 4 
4 5 6 
5 6 
6 

561
7 1
0 1 2 3 4 5 
1 2 3 4 5 
2 3 4 
3 4 5 
4 5 
5 6 
6 

562
7 1
0 1 2 3 4 5 
1 2 3 4 5 
2 3 4 
3 4 5 
4 5 6 
5 6 
6 

563
7 1
0 1 2 3 4 5 
1 2 3 4 5 
2 3 4 
3 4 5 6 
4 5 
5 6 
6 

564
7 1
0 1 2 3 4 5 
1 2 3 4 5 
2 3 4 
3 4 5 6 
4 5 6 
5 6 
6 

565
7 1
0 1 2 3 4 5 
1 2 3 4 5 
2 3 4 5 
3 4 
4 5 
5 6 
6 

566
7 1
0 1 2 3 4 5 
1 2 3 4 5 
2 3 4 5 
3 4 
4 5 6 
5 6 
6 

567
7 1
0 1 2 3 4 5 
1 2 3 4 5 
2 3 4 5 
3 4 5 
4 5 
5 6 
6 

568
7 1
0 1 2 3 4 5 
1 2 3 4 5 
2 3 4 5 
3 4 5 
4 5 6 
5 6 
6 

569
7 1
0 1 2 3 4 5 
1 2 3 4 5 
2 3 4 5 
3 4 5 6 
4 5 
5 6 
6 

570
7 1
0 1 2 3 4 5 
1 2 3 4 5 
2 3 4 5 
3 4 5 6 
4 5 6 
5 6 
6 

571
7 1
0 1 2 3 4 5 
1 2 3 4 5 
2 3 4 5 6 
3 4 
4 5 
5 6 
6 

572
7 1
0 1 2 3 4 5 
1 2 3 4 5 
2 3 4 5 6 
3 4 
4 5 6 
5 6 
6 

573
7 1
0 1 2 3 4 5 
1 2 3 4 5 
2 3 4 5 6 
3 4 5 
4 5 
5 6 
6 

574
7 1
0 1 2 3 4 5 
1 2 3 4 5 
2 3 4 5 6 
3 4 5 
4 5 6 
5 6 
6 

575
7 1
0 1 2 3 4 5 
1 2 3 4 5 
2 3 4 5 6 
3 4 5 6 
4 5 
5 6 
6 

576
7 1
0 1 2 3 4 5 
1 2 3 4 5 
2 3 4 5 6 
3 4 5 6 
4 5 6 
5 6 
6 

577
7 1
0 1 2 3 4 5 
1 2 3 4 5 6 
2 3 
3 4 
4 5 
5 6 
6 

578
7 1
0 1 2 3 4 5 
1 2 3 4 5 6 
2 3 
3 4 
4 5 6 
5 6 
6 

579
7 1
0 1 2 3 4 5 
1 2 3 4 5 6 
2 3 
3 4 5 
4 5 
5 6 
6 

580
7 1
0 1 2 3 4 5 
1 2 3 4 5 6 
2 3 
3 4 5 
4 5 6 
5 6 
6 

581
7 1
0 1 2 3 4 5 
1 2 3 4 5 6 
2 3 
3 4 5 6 
4 5 
5 6 
6 

582
7 1
0 1 2 3 4 5 
1 2 3 4 5 6 
2 3 
3 4 5 6 
4 5 6 
5 6 
6 

583
7 1
0 1 2 3 4 5 
1 2 3 4 5 6 
2 3 4 
3 4 
4 5 
5 6 
6 

584
7 1
0 1 2 3 4 5 
1 2 3 4 5 6 
2 3 4 
3 4 
4 5 6 
5 6 
6 

585
7 1
0 1 2 3 4 5 
1 2 3 4 5 6 
2 3 4 
3 4 5 
4 5 
5 6 
6 

586
7 1
0 1 2 3 4 5 
1 2 3 4 5 6 
2 3 4 
3 4 5 
4 5 6 
5 6 
6 

587
7 1
0 1 2 3 4 5 
1 2 3 4 5 6 
2 3 4 
3 4 5 6 
4 5 
5 6 
6 

588
7 1
0 1 2 3 4 5 
1 2 3 4 5 6 
2 3 4 
3 4 5 6 
4 5 6 
5 6 
6 

589
7 1
0 1 2 3 4 5 
1 2 3 4 5 6 
2 3 4 5 
3 4 
4 5 
5 6 
6 

590
7 1
0 1 2 3 4 5 
1 2 3 4 5 6 
2 3 4 5 
3 4 
4 5 6 
5 6 
6 

591
7 1
0 1 2 3 4 5 
1 2 3 4 5 6 
2 3 4 5 
3 4 5 
4 5 
5 6 
6 

592
7 1
0 1 2 3 4 5 
1 2 3 4 5 6 
2 3 4 5 
3 4 5 
4 5 6 
5 6 
6 

593
7 1
0 1 2 3 4 5 
1 2 3 4 5 6 
2 3 4 5 
3 4 5 6 
4 5 
5 6 
6 

594
7 1
0 1 2 3 4 5 
1 2 3 4 5 6 
2 3 4 5 
3 4 5 6 
4 5 6 
5 6 
6 

595
7 1
0 1 2 3 4 5 
1 2 3 4 5 6 
2 3 4 5 6 
3 4 
4 5 
5 6 
6 

596
7 1
0 1 2 3 4 5 
1 2 3 4 5 6 
2 3 4 5 6 
3 4 
4 5 6 
5 6 
6 

597
7 1
0 1 2 3 4 5 
1 2 3 4 5 6 
2 3 4 5 6 
3 4 5 
4 5 
5 6 
6 

598
7 1
0 1 2 3 4 5 
1 2 3 4 5 6 
2 3 4 5 6 
3 4 5 
4 5 6 
5 6 
6 

599
7 1
0 1 2 3 4 5 
1 2 3 4 5 6 
2 3 4 5 6 
3 4 5 6 
4 5 
5 6 
6 

600
7 1
0 1 2 3 4 5 
1 2 3 4 5 6 
2 3 4 5 6 
3 4 5 6 
4 5 6 
5 6 
6 

601
7 1
0 1 2 3 4 5 6 
1 2 
2 3 
3 4 
4 5 
5 6 
6 

602
7 1
0 1 2 3 4 5 6 
1 2 
2 3 
3 4 
4 5 6 
5 6 
6 

603
7 1
0 1 2 3 4 5 6 
1 2 
2 3 
3 4 5 
4 5 
5 6 
6 

604
7 1
0 1 2 3 4 5 6 
1 2 
2 3 
3 4 5 
4 5 6 
5 6 
6 

605
7 1
0 1 2 3 4 5 6 
1 2 
2 3 
3 4 5 6 
4 5 
5 6 
6 

606
7 1
0 1 2 3 4 5 6 
1 2 
2 3 
3 4 5 6 
4 5 6 
5 6 
6 

607
7 1
0 1 2 3 4 5 6 
1 2 
2 3 4 
3 4 
4 5 
5 6 
6 

608
7 1
0 1 2 3 4 5 6 
1 2 
2 3 4 
3 4 
4 5 6 
5 6 
6 

609
7 1
0 1 2 3 4 5 6 
1 2 
2 3 4 
3 4 5 
4 5 
5 6 
6 

610
7 1
0 1 2 3 4 5 6 
1 2 
2 3 4 
3 4 5 
4 5 6 
5 6 
6 

611
7 1
0 1 2 3 4 5 6 
1 2 
2 3 4 
3 4 5 6 
4 5 
5 6 
6 

612
7 1
0 1 2 3 4 5 6 
1 2 
2 3 4 
3 4 5 6 
4 5 6 
5 6 
6 

613
7 1
0 1 2 3 4 5 6 
1 2 
2 3 4 5 
3 4 
4 5 
5 6 
6 

614
7 1
0 1 2 3 4 5 6 
1 2 
2 3 4 5 
3 4 
4 5 6 
5 6 
6 

615
7 1
0 1 2 3 4 5 6 
1 2 
2 3 4 5 
3 4 5 
4 5 
5 6 
6 

616
7 1
0 1 2 3 4 5 6 
1 2 
2 3 4 5 
3 4 5 
4 5 6 
5 6 
6 

617
7 1
0 1 2 3 4 5 6 
1 2 
2 3 4 5 
3 4 5 6 
4 5 
5 6 
6 

618
7 1
0 1 2 3 4 5 6 
1 2 
2 3 4 5 
3 4 5 6 
4 5 6 
5 6 
6 

619
7 1
0 1 2 3 4 5 6 
1 2 
2 3 4 5 6 
3 4 
4 5 
5 6 
6 

620
7 1
0 1 2 3 4 5 6 
1 2 
2 3 4 5 6 
3 4 
4 5 6 
5 6 
6 

621
7 1
0 1 2 3 4 5 6 
1 2 
2 3 4 5 6 
3 4 5 
4 5 
5 6 
6 

622
7 1
0 1 2 3 4 5 6 
1 2 
2 3 4 5 6 
3 4 5 
4 5 6 
5 6 
6 

623
7 1
0 1 2 3 4 5 6 
1 2 
2 3 4 5 6 
3 4 5 6 
4 5 
5 6 
6 

624
7 1
0 1 2 3 4 5 6 
1 2 
2 3 4 5 6 
3 4 5 6 
4 5 6 
5 6 
6 

625
7 1
0 1 2 3 4 5 6 
1 2 3 
2 3 
3 4 
4 5 
5 6 
6 

626
7 1
0 1 2 3 4 5 6 
1 2 3 
2 3 
3 4 
4 5 6 
5 6 
6 

627
7 1
0 1 2 3 4 5 6 
1 2 3 
2 3 
3 4 5 
4 5 
5 6 
6 

628
7 1
0 1 2 3 4 5 6 
1 2 3 
2 3 
3 4 5 
4 5 6 
5 6 
6 

629
7 1
0 1 2 3 4 5 6 
1 2 3 
2 3 
3 4 5 6 
4 5 
5 6 
6 

630
7 1
0 1 2 3 4 5 6 
1 2 3 
2 3 
3 4 5 6 
4 5 6 
5 6 
6 

631
7 1
0 1 2 3 4 5 6 
1 2 3 
2 3 4 
3 4 
4 5 
5 6 
6 

632
7 1
0 1 2 3 4 5 6 
1 2 3 
2 3 4 
3 4 
4 5 6 
5 6 
6 

633
7 1
0 1 2 3 4 5 6 
1 2 3 
2 3 4 
3 4 5 
4 5 
5 6 
6 

634
7 1
0 1 2 3 4 5 6 
1 2 3 
2 3 4 
3 4 5 
4 5 6 
5 6 
6 

635
7 1
0 1 2 3 4 5 6 
1 2 3 
2 3 4 
3 4 5 6 
4 5 
5 6 
6 

636
7 1
0 1 2 3 4 5 6 
1 2 3 
2 3 4 
3 4 5 6 
4 5 6 
5 6 
6 

637
7 1
0 1 2 3 4 5 6 
1 2 3 
2 3 4 5 
3 4 
4 5 
5 6 
6 

638
7 1
0 1 2 3 4 5 6 
1 2 3 
2 3 4 5 
3 4 
4 5 6 
5 6 
6 

639
7 1
0 1 2 3 4 5 6 
1 2 3 
2 3 4 5 
3 4 5 
4 5 
5 6 
6 

640
7 1
0 1 2 3 4 5 6 
1 2 3 
2 3 4 5 
3 4 5 
4 5 6 
5 6 
6 

641
7 1
0 1 2 3 4 5 6 
1 2 3 
2 3 4 5 
3 4 5 6 
4 5 
5 6 
6 

642
7 1
0 1 2 3 4 5 6 
1 2 3 
2 3 4 5 
3 4 5 6 
4 5 6 
5 6 
6 

643
7 1
0 1 2 3 4 5 6 
1 2 3 
2 3 4 5 6 
3 4 
4 5 
5 6 
6 

644
7 1
0 1 2 3 4 5 6 
1 2 3 
2 3 4 5 6 
3 4 
4 5 6 
5 6 
6 

645
7 1
0 1 2 3 4 5 6 
1 2 3 
2 3 4 5 6 
3 4 5 
4 5 
5 6 
6 

646
7 1
0 1 2 3 4 5 6 
1 2 3 
2 3 4 5 6 
3 4 5 
4 5 6 
5 6 
6 

647
7 1
0 1 2 3 4 5 6 
1 2 3 
2 3 4 5 6 
3 4 5 6 
4 5 
5 6 
6 

648
7 1
0 1 2 3 4 5 6 
1 2 3 
2 3 4 5 6 
3 4 5 6 
4 5 6 
5 6 
6 

649
7 1
0 1 2 3 4 5 6 
1 2 3 4 
2 3 
3 4 
4 5 
5 6 
6 

650
7 1
0 1 2 3 4 5 6 
1 2 3 4 
2 3 
3 4 
4 5 6 
5 6 
6 

651
7 1
0 1 2 3 4 5 6 
1 2 3 4 
2 3 
3 4 5 
4 5 
5 6 
6 

652
7 1
0 1 2 3 4 5 6 
1 2 3 4 
2 3 
3 4 5 
4 5 6 
5 6 
6 

653
7 1
0 1 2 3 4 5 6 
1 2 3 4 
2 3 
3 4 5 6 
4 5 
5 6 
6 

654
7 1
0 1 2 3 4 5 6 
1 2 3 4 
2 3 
3 4 5 6 
4 5 6 
5 6 
6 

655
7 1
0 1 2 3 4 5 6 
1 2 3 4 
2 3 4 
3 4 
4 5 
5 6 
6 

656
7 1
0 1 2 3 4 5 6 
1 2 3 4 
2 3 4 
3 4 
4 5 6 
5 6 
6 

657
7 1
0 1 2 3 4 5 6 
1 2 3 4 
2 3 4 
3 4 5 
4 5 
5 6 
6 

658
7 1
0 1 2 3 4 5 6 
1 2 3 4 
2 3 4 
3 4 5 
4 5 6 
5 6 
6 

659
7 1
0 1 2 3 4 5 6 
1 2 3 4 
2 3 4 
3 4 5 6 
4 5 
5 6 
6 

660
7 1
0 1 2 3 4 5 6 
1 2 3 4 
2 3 4 
3 4 5 6 
4 5 6 
5 6 
6 

661
7 1
0 1 2 3 4 5 6 
1 2 3 4 
2 3 4 5 
3 4 
4 5 
5 6 
6 

662
7 1
0 1 2 3 4 5 6 
1 2 3 4 
2 3 4 5 
3 4 
4 5 6 
5 6 
6 

663
7 1
0 1 2 3 4 5 6 
1 2 3 4 
2 3 4 5 
3 4 5 
4 5 
5 6 
6 

664
7 1
0 1 2 3 4 5 6 
1 2 3 4 
2 3 4 5 
3 4 5 
4 5 6 
5 6 
6 

665
7 1
0 1 2 3 4 5 6 
1 2 3 4 
2 3 4 5 
3 4 5 6 
4 5 
5 6 
6 

666
7 1
0 1 2 3 4 5 6 
1 2 3 4 
2 3 4 5 
3 4 5 6 
4 5 6 
5 6 
6 

667
7 1
0 1 2 3 4 5 6 
1 2 3 4 
2 3 4 5 6 
3 4 
4 5 
5 6 
6 

668
7 1
0 1 2 3 4 5 6 
1 2 3 4 
2 3 4 5 6 
3 4 
4 5 6 
5 6 
6 

669
7 1
0 1 2 3 4 5 6 
1 2 3 4 
2 3 4 5 6 
3 4 5 
4 5 
5 6 
6 

670
7 1
0 1 2 3 4 5 6 
1 2 3 4 
2 3 4 5 6 
3 4 5 
4 5 6 
5 6 
6 

671
7 1
0 1 2 3 4 5 6 
1 2 3 4 
2 3 4 5 6 
3 4 5 6 
4 5 
5 6 
6 

672
7 1
0 1 2 3 4 5 6 
1 2 3 4 
2 3 4 5 6 
3 4 5 6 
4 5 6 
5 6 
6 

673
7 1
0 1 2 3 4 5 6 
1 2 3 4 5 
2 3 
3 4 
4 5 
5 6 
6 

674
7 1
0 1 2 3 4 5 6 
1 2 3 4 5 
2 3 
3 4 
4 5 6 
5 6 
6 

675
7 1
0 1 2 3 4 5 6 
1 2 3 4 5 
2 3 
3 4 5 
4 5 
5 6 
6 

676
7 1
0 1 2 3 4 5 6 
1 2 3 4 5 
2 3 
3 4 5 
4 5 6 
5 6 
6 

677
7 1
0 1 2 3 4 5 6 
1 2 3 4 5 
2 3 
3 4 5 6 
4 5 
5 6 
6 

678
7 1
0 1 2 3 4 5 6 
1 2 3 4 5 
2 3 
3 4 5 6 
4 5 6 
5 6 
6 

679
7 1
0 1 2 3 4 5 6 
1 2 3 4 5 
2 3 4 
3 4 
4 5 
5 6 
6 

680
7 1
0 1 2 3 4 5 6 
1 2 3 4 5 
2 3 4 
3 4 
4 5 6 
5 6 
6 

681
7 1
0 1 2 3 4 5 6 
1 2 3 4 5 
2 3 4 
3 4 5 
4 5 
5 6 
6 

682
7 1
0 1 2 3 4 5 6 
1 2 3 4 5 
2 3 4 
3 4 5 
4 5 6 
5 6 
6 

683
7 1
0 1 2 3 4 5 6 
1 2 3 4 5 
2 3 4 
3 4 5 6 
4 5 
5 6 
6 

684
7 1
0 1 2 3 4 5 6 
1 2 3 4 5 
2 3 4 
3 4 5 6 
4 5 6 
5 6 
6 

685
7 1
0 1 2 3 4 5 6 
1 2 3 4 5 
2 3 4 5 
3 4 
4 5 
5 6 
6 

686
7 1
0 1 2 3 4 5 6 
1 2 3 4 5 
2 3 4 5 
3 4 
4 5 6 
5 6 
6 

687
7 1
0 1 2 3 4 5 6 
1 2 3 4 5 
2 3 4 5 
3 4 5 
4 5 
5 6 
6 

688
7 1
0 1 2 3 4 5 6 
1 2 3 4 5 
2 3 4 5 
3 4 5 
4 5 6 
5 6 
6 

689
7 1
0 1 2 3 4 5 6 
1 2 3 4 5 
2 3 4 5 
3 4 5 6 
4 5 
5 6 
6 

690
7 1
0 1 2 3 4 5 6 
1 2 3 4 5 
2 3 4 5 
3 4 5 6 
4 5 6 
5 6 
6 

691
7 1
0 1 2 3 4 5 6 
1 2 3 4 5 
2 3 4 5 6 
3 4 
4 5 
5 6 
6 

692
7 1
0 1 2 3 4 5 6 
1 2 3 4 5 
2 3 4 5 6 
3 4 
4 5 6 
5 6 
6 

693
7 1
0 1 2 3 4 5 6 
1 2 3 4 5 
2 3 4 5 6 
3 4 5 
4 5 
5 6 
6 

694
7 1
0 1 2 3 4 5 6 
1 2 3 4 5 
2 3 4 5 6 
3 4 5 
4 5 6 
5 6 
6 

695
7 1
0 1 2 3 4 5 6 
1 2 3 4 5 
2 3 4 5 6 
3 4 5 6 
4 5 
5 6 
6 

696
7 1
0 1 2 3 4 5 6 
1 2 3 4 5 
2 3 4 5 6 
3 4 5 6 
4 5 6 
5 6 
6 

697
7 1
0 1 2 3 4 5 6 
1 2 3 4 5 6 
2 3 
3 4 
4 5 
5 6 
6 

698
7 1
0 1 2 3 4 5 6 
1 2 3 4 5 6 
2 3 
3 4 
4 5 6 
5 6 
6 

699
7 1
0 1 2 3 4 5 6 
1 2 3 4 5 6 
2 3 
3 4 5 
4 5 
5 6 
6 

700
7 1
0 1 2 3 4 5 6 
1 2 3 4 5 6 
2 3 
3 4 5 
4 5 6 
5 6 
6 

701
7 1
0 1 2 3 4 5 6 
1 2 3 4 5 6 
2 3 
3 4 5 6 
4 5 
5 6 
6 

702
7 1
0 1 2 3 4 5 6 
1 2 3 4 5 6 
2 3 
3 4 5 6 
4 5 6 
5 6 
6 

703
7 1
0 1 2 3 4 5 6 
1 2 3 4 5 6 
2 3 4 
3 4 
4 5 
5 6 
6 

704
7 1
0 1 2 3 4 5 6 
1 2 3 4 5 6 
2 3 4 
3 4 
4 5 6 
5 6 
6 

705
7 1
0 1 2 3 4 5 6 
1 2 3 4 5 6 
2 3 4 
3 4 5 
4 5 
5 6 
6 

706
7 1
0 1 2 3 4 5 6 
1 2 3 4 5 6 
2 3 4 
3 4 5 
4 5 6 
5 6 
6 

707
7 1
0 1 2 3 4 5 6 
1 2 3 4 5 6 
2 3 4 
3 4 5 6 
4 5 
5 6 
6 

708
7 1
0 1 2 3 4 5 6 
1 2 3 4 5 6 
2 3 4 
3 4 5 6 
4 5 6 
5 6 
6 

709
7 1
0 1 2 3 4 5 6 
1 2 3 4 5 6 
2 3 4 5 
3 4 
4 5 
5 6 
6 

710
7 1
0 1 2 3 4 5 6 
1 2 3 4 5 6 
2 3 4 5 
3 4 
4 5 6 
5 6 
6 

711
7 1
0 1 2 3 4 5 6 
1 2 3 4 5 6 
2 3 4 5 
3 4 5 
4 5 
5 6 
6 

712
7 1
0 1 2 3 4 5 6 
1 2 3 4 5 6 
2 3 4 5 
3 4 5 
4 5 6 
5 6 
6 

713
7 1
0 1 2 3 4 5 6 
1 2 3 4 5 6 
2 3 4 5 
3 4 5 6 
4 5 
5 6 
6 

714
7 1
0 1 2 3 4 5 6 
1 2 3 4 5 6 
2 3 4 5 
3 4 5 6 
4 5 6 
5 6 
6 

715
7 1
0 1 2 3 4 5 6 
1 2 3 4 5 6 
2 3 4 5 6 
3 4 
4 5 
5 6 
6 

716
7 1
0 1 2 3 4 5 6 
1 2 3 4 5 6 
2 3 4 5 6 
3 4 
4 5 6 
5 6 
6 

717
7 1
0 1 2 3 4 5 6 
1 2 3 4 5 6 
2 3 4 5 6 
3 4 5 
4 5 
5 6 
6 

718
7 1
0 1 2 3 4 5 6 
1 2 3 4 5 6 
2 3 4 5 6 
3 4 5 
4 5 6 
5 6 
6 

719
7 1
0 1 2 3 4 5 6 
1 2 3 4 5 6 
2 3 4 5 6 
3 4 5 6 
4 5 
5 6 
6 

720
7 1
0 1 2 3 4 5 6 
1 2 3 4 5 6 
2 3 4 5 6 
3 4 5 6 
4 5 6 
5 6 
6 
